dongchuan road
[36684, 40294, 41021, 43031, 40488, 36914, 38920, 39150, 41993, 37635, 38795, 31466, 39949, 41515, 39189, 40881, 40999, 38265, 40498, 35142, 31366, 41561, 32582, 40364, 37643, 37725, 44780, 38988, 41864, 31220, 31220, 33930, 48606, 41864, 38323, 38143, 36821, 36257, 38410, 40679, 39382, 41540, 39289, 37091, 48282, 36985, 40964, 39414, 40463, 34579, 38948, 38415, 37140, 40498, 41633, 40179, 42800, 36147, 39765, 40101, 40152, 37272, 41136, 40887, 43851, 40849, 37314, 38134, 41270, 36589, 40639, 32449, 36769, 51444, 40591, 39383, 41359, 43275, 40781, 39949, 37819, 38763, 36151, 38216, 35852, 46995, 40506, 46178, 36445, 40118, 36147, 38137, 39765, 39476, 41532, 40101, 42133, 40388, 37552, 41831, 40931, 42800, 42858, 36863, 39022, 40454, 40655, 35760, 32717, 50000, 34912, 40689, 39276, 27836, 45003, 37673, 40073, 38221, 32749, 41805]
[300, 335, 460, 380, 498, 465, 350, 245, 370, 315, 242, 320, 250, 330, 670, 275, 253, 187, 420, 230, 788, 490, 550, 360, 260, 315, 365, 268, 195, 780, 780, 205, 1220, 195, 212, 230, 220, 215, 255, 175, 405, 245, 490, 204, 798, 210, 245, 360, 238, 410, 262, 440, 310, 420, 560, 530, 535, 245, 385, 255, 530, 590, 239, 260, 420, 260, 225, 250, 260, 450, 420, 330, 325, 253, 294, 260, 263, 240, 255, 250, 267, 228, 435, 370, 243, 290, 285, 328, 510, 520, 245, 420, 385, 355, 435, 255, 260, 530, 235, 266, 190, 535, 249, 329, 630, 375, 348, 252, 530, 820, 250, 260, 245, 270, 710, 235, 530, 475, 560, 380]
minhang kaifaqu
[28216, 29527, 34560, 31468, 28984, 33546, 29206, 33319, 31231, 31245, 35671, 25902, 36686, 34903, 37944, 28645, 37411, 31903, 33521, 36999, 32233, 34697, 29570, 25051, 32963, 27525, 29506, 28859, 29195, 28049, 28049, 30741, 27188, 25051, 32814, 24630, 29195, 24673, 30084, 25535, 32030, 30200, 26323, 27153, 24101, 25771, 30304, 26446, 24943, 28424, 29315, 28049, 25868, 30462, 27326, 25137, 28817, 28546, 29481, 28233, 29315, 31001, 28075, 25150, 28424, 32030, 25771, 28637, 30675, 27525, 26838, 28226]
[170, 205, 250, 190, 175, 195, 150, 153, 350, 390, 320, 158, 170, 129, 355, 180, 230, 220, 400, 142, 120, 218, 215, 300, 178, 160, 175, 115, 158, 115, 115, 166, 87, 300, 200, 98, 158, 190, 112, 104, 185, 177, 328, 105, 235, 235, 125, 155, 185, 99, 265, 115, 170, 99, 168, 120, 148, 155, 139, 145, 265, 140, 205, 135, 99, 185, 235, 163, 160, 205, 165, 149]
wenjing road
[37411, 34560, 29506, 27525, 29570, 28859, 26513, 24630, 26323, 30304, 25868, 28546, 28049, 27326, 28424, 27123, 29315, 26838, 27525, 28226]
[230, 250, 175, 160, 215, 115, 163, 98, 328, 125, 170, 155, 115, 168, 99, 200, 265, 165, 205, 149]
jinping road
[30296, 34154, 42767, 40942, 34479, 40294, 28450, 41021, 30476, 40702, 43031, 52106, 40488, 43470, 47195, 39150, 41993, 37635, 38795, 39949, 38268, 28870, 41515, 31238, 30755, 38846, 40881, 38990, 38991, 40999, 37635, 41993, 39150, 31238, 28870, 47195, 41515, 48981, 44919, 33569, 30141, 48606, 36471, 37251, 33466, 29724, 34388, 28765, 41864, 42000, 43215, 79896, 32901, 43214, 37635, 40999, 33689, 30755, 40881, 34897, 43214, 38959, 40424, 36471, 33466, 29724, 28765, 43215, 44919, 48981, 41864, 33569, 48606, 30141, 37251, 34388, 79896, 32901, 40432, 32287, 33470, 38544, 34579, 52690, 33608, 46437, 44132, 33046, 32723, 33465, 39583, 36665, 30126, 39414, 46437, 37228, 39953, 33465, 34579, 40887, 40229, 42060, 51692, 39765, 32899, 46995, 33624, 45056, 48341, 40689, 33465, 29112, 48952, 32559, 33470, 52690, 33608, 33046, 44132, 36859]
[128, 525, 295, 400, 530, 335, 280, 460, 470, 580, 380, 850, 498, 450, 625, 245, 370, 315, 242, 250, 1060, 152, 330, 240, 163, 556, 275, 540, 428, 253, 315, 370, 245, 240, 152, 625, 330, 829, 465, 195, 258, 1220, 155, 485, 186, 230, 175, 298, 195, 200, 520, 490, 185, 390, 490, 253, 180, 163, 275, 320, 390, 570, 580, 155, 186, 230, 298, 520, 465, 829, 195, 195, 1220, 258, 485, 175, 490, 185, 465, 288, 188, 415, 410, 950, 135, 430, 408, 295, 200, 195, 220, 397, 175, 360, 430, 470, 235, 195, 410, 260, 374, 335, 900, 385, 330, 290, 135, 560, 590, 260, 153, 168, 850, 140, 188, 950, 135, 295, 408, 528]
huaning road
[29310, 40942, 27223, 27211, 29851, 35344, 31650, 33055, 34269, 34154, 31621, 29726, 30296, 36454, 30191, 31316, 31279, 34479, 33720, 31355, 28450, 30476, 33647, 28879, 29261, 34815, 30985, 28312, 29728, 30602, 31850, 28219, 30381, 30755, 33329, 26722, 28018, 34897, 34436, 28363, 26875, 29207, 32289, 34316, 31997, 31036, 28312, 30602, 29728, 34425, 32418, 30210, 30615, 30602, 28765, 29724, 30124, 30355, 32864, 29762, 30979, 28804, 29487, 30602, 29796, 28469, 28682, 30755, 28018, 28363, 34897, 30210, 30615, 30250, 31427, 29402, 32418, 30260, 36019, 29987, 29269, 29999, 32192, 33041, 29762, 30854, 29000, 22512, 32864, 28905, 32980, 30547, 32197, 26069, 28587, 29886, 27783, 28681, 32878, 33046, 30770, 31299, 30982, 29886, 30982, 32899, 30026, 31773, 34758, 32016, 30521, 34913, 29813, 30438, 30702, 32058, 29637, 30176, 31471, 32064]
[530, 400, 290, 108, 318, 320, 230, 368, 325, 525, 160, 128, 128, 215, 431, 285, 310, 530, 300, 168, 280, 470, 340, 180, 290, 188, 285, 143, 305, 255, 315, 286, 163, 240, 480, 162, 320, 328, 155, 300, 180, 173, 375, 320, 290, 143, 255, 305, 245, 460, 312, 262, 255, 298, 230, 122, 161, 105, 248, 250, 170, 198, 255, 128, 150, 239, 163, 162, 155, 320, 312, 262, 240, 150, 170, 460, 355, 330, 230, 265, 275, 155, 188, 248, 185, 145, 90, 105, 295, 295, 315, 153, 305, 165, 128, 155, 270, 185, 295, 340, 182, 180, 128, 180, 330, 151, 135, 310, 285, 153, 199, 162, 178, 280, 186, 225, 165, 245, 260]
beiqiao
[36804, 42432, 35331, 35060, 28482, 35883, 41305, 38816, 35099, 37085, 32972, 25219, 31405, 32706, 36521, 25639, 30240, 32100, 57269, 39566, 36727, 32575, 36936, 43479, 39309, 36532, 24967, 38772, 32519, 31854, 25639, 30240, 32100, 36521, 32706, 57269, 31715, 29503, 31405, 32575, 39566, 31314, 32144, 38683, 28959, 35578, 48809, 32706, 31975, 29133, 34303, 31533, 33058, 31581, 29806, 37493, 31314, 39270, 33334, 33121, 36750, 33121, 29111]
[420, 245, 450, 518, 180, 305, 190, 215, 220, 145, 240, 300, 178, 205, 207, 305, 246, 255, 1300, 182, 315, 468, 148, 200, 182, 308, 297, 178, 298, 300, 305, 246, 255, 207, 205, 1300, 258, 240, 178, 468, 182, 260, 190, 155, 278, 223, 1090, 205, 189, 175, 190, 230, 240, 179, 218, 235, 260, 185, 290, 275, 208, 275, 165]
zhuanqiao
[68833, 45596, 53722, 59006, 43406, 33033, 43966, 57296, 53562, 37988, 36605, 55359, 34946, 50279, 38975, 43619, 46323, 41592, 36361, 31817, 38801, 47984, 51019, 50800, 52774, 36364, 38393, 50978, 50241, 26521, 50241, 50978, 36022, 46276, 45251, 36632, 33664, 52720, 32446, 36361, 38393, 52302, 44372, 40021, 34568, 51906, 47981, 36186, 40521, 31209, 37097, 51037, 45567, 45712, 55807, 48199, 48147, 51337, 55385, 35138, 33840, 39020, 38682, 54420, 36215, 33598, 32204, 35785, 34591, 36454, 34412, 51796, 53485, 35000, 33010, 24634, 35463, 38072, 38236, 38320, 40324, 49355, 50000, 34189, 36593, 52483, 29489, 54222, 51911, 51801, 32148, 43182, 37007, 35000, 33010, 38334, 34634, 43785, 39474, 39333, 30143, 36098, 26651, 33844, 51638, 35785, 34591, 36454, 32204, 36215, 33598, 34412, 53447, 51265, 51796, 49873, 39075, 55385, 35138, 35060]
[1500, 1280, 415, 1700, 258, 326, 510, 1050, 500, 1450, 433, 625, 680, 560, 330, 398, 370, 235, 483, 185, 1199, 436, 635, 470, 360, 430, 360, 470, 410, 470, 360, 243, 410, 505, 355, 275, 315, 330, 235, 535, 2500, 525, 465, 310, 508, 892, 225, 355, 308, 345, 645, 425, 445, 495, 428, 265, 480, 288, 283, 450, 215, 250, 282, 305, 335, 530, 365, 355, 368, 350, 460, 475, 343, 340, 430, 216, 180, 260, 260, 339, 459, 460, 220, 265, 760, 450, 280, 417, 400, 318, 380, 268, 343, 340, 460, 308, 385, 435, 370, 319, 249, 430, 385, 399, 365, 355, 368, 530, 305, 335, 350, 276, 590, 460, 490, 250, 288, 283, 346]
chunshen road
[45149, 52381, 48670, 67988, 54023, 54800, 64846, 60679, 53309, 58426, 57013, 54622, 52717, 38760, 50941, 66989, 48813, 53777, 54448, 55706, 57947, 61893, 66047, 41530, 67789, 56929, 36058, 64863, 42996, 66939, 69487, 58982, 60202, 42413, 51891, 52982, 62312, 54453, 48791, 44906, 63171, 53099, 46500, 59331, 49580, 55208, 63094, 64837, 68356, 72863, 64874, 65396, 66391, 57739, 46599, 53253, 50076, 72951, 47721, 66463, 68346, 47502, 68541, 65255, 39238, 41139, 64837, 63094, 74442, 58221, 58892, 54337, 66299, 49718, 57032, 47878, 57013, 41746, 47904, 75068, 69570, 54960, 64521, 42139, 42106, 62185, 63132, 63956, 75000, 65790, 67760, 55402, 57013, 69570, 42106, 43195, 47115, 74442, 58221, 47878, 47904, 63132, 62185, 52697, 42139, 50000, 46739, 47693, 49115, 51100, 62997, 53188, 61989, 65790, 63956, 75000, 65023, 49405, 57032, 53544]
[362, 550, 300, 470, 695, 705, 852, 608, 228, 785, 600, 650, 425, 620, 620, 430, 489, 230, 606, 620, 793, 560, 1058, 378, 1100, 638, 600, 350, 329, 788, 795, 1270, 730, 353, 660, 645, 620, 757, 575, 368, 830, 610, 465, 689, 590, 238, 405, 770, 680, 490, 598, 655, 608, 770, 998, 370, 299, 469, 585, 935, 950, 270, 700, 770, 595, 542, 770, 405, 1020, 949, 506, 505, 612, 396, 470, 485, 600, 550, 585, 750, 770, 389, 930, 365, 400, 850, 856, 593, 750, 750, 765, 280, 600, 770, 400, 370, 640, 1020, 949, 485, 585, 856, 850, 425, 670, 305, 685, 465, 660, 532, 730, 428, 735, 750, 593, 750, 638, 610, 470, 680]
yindu road
[39781, 45772, 47177, 43155, 48637, 43688, 36221, 42262, 48813, 40199, 58303, 40398, 53712, 55522, 46896, 48228, 49650, 51366, 53225, 48791, 38644, 46500, 47721, 45014, 50104, 41769, 55364, 50810, 41871, 52792, 46896, 51366, 53225, 49650, 43401, 54103, 45831, 37110, 58945, 41216, 46861, 41789, 47509, 41553, 42952, 45543, 45037, 37141, 43224, 48228, 55522, 48791, 38644, 46500, 50104, 45014, 42435, 53818, 54919, 51328, 47115, 45367, 43043, 39230, 48906, 46861, 41789, 47509, 41553, 45037, 42952, 42435, 51328, 49571, 47368, 53818, 54919, 54525, 43224, 59598, 51834, 44393, 47693, 52096, 51578, 46080, 51920, 45008, 39219, 38220, 47353, 47488, 39927, 48799, 45847, 55686, 48565, 50559, 46230, 37622, 46979, 55766, 60302, 50424, 48368, 51129, 55090, 63437]
[610, 460, 320, 365, 660, 445, 830, 355, 489, 340, 1480, 610, 1050, 545, 355, 676, 283, 660, 685, 575, 310, 465, 585, 255, 1020, 290, 1780, 700, 480, 539, 355, 660, 685, 283, 340, 1080, 399, 570, 1200, 320, 200, 443, 225, 440, 280, 258, 485, 360, 303, 676, 545, 575, 310, 465, 1020, 255, 290, 535, 565, 230, 640, 257, 335, 275, 670, 200, 443, 225, 440, 485, 280, 290, 230, 225, 215, 535, 565, 720, 303, 1200, 212, 475, 465, 660, 685, 275, 660, 215, 279, 279, 228, 430, 326, 475, 250, 549, 230, 570, 450, 720, 660, 530, 1200, 542, 274, 648, 545, 1300]
jianchuan road
[36929, 40498, 32582, 36914, 46952, 38920, 34321, 34740, 42261, 36292, 40617, 34382, 33935, 40778, 38691, 40179, 39382, 36840, 35465, 37296, 33297, 41951, 38467, 40994, 42328, 35601, 40498, 41633, 36474, 36207, 35377, 41532, 39476, 40529, 41866, 38357, 39710, 35247, 39421, 36878, 35823, 40000, 36352, 34329, 36840, 35465, 41951, 44355, 39382, 37296, 41105, 43210, 37821, 36292, 39347, 37246, 41759, 35019, 37816, 38838, 32717, 42858, 36804, 35601, 37718, 37890, 32546, 41136, 40073, 36144, 40186, 36857, 36589, 41825, 39591, 36136, 40591, 35277, 36868, 43512, 45000]
[290, 420, 550, 465, 385, 350, 270, 238, 335, 285, 340, 270, 190, 342, 280, 530, 405, 290, 279, 455, 458, 339, 315, 330, 355, 235, 420, 560, 230, 239, 329, 435, 355, 408, 378, 280, 290, 320, 490, 495, 330, 259, 269, 230, 290, 279, 339, 275, 405, 455, 390, 350, 295, 285, 330, 305, 380, 275, 349, 358, 530, 249, 339, 235, 265, 349, 179, 239, 530, 355, 260, 279, 450, 243, 290, 285, 294, 236, 459, 570, 346]
xinzhuang
[55581, 46347, 52381, 67988, 55385, 45793, 61360, 63648, 47296, 55294, 45369, 47406, 57013, 72545, 63747, 72449, 62863, 50941, 44225, 47617, 42541, 54448, 55706, 37736, 66047, 54622, 68356, 61656, 59775, 38760, 37736, 55706, 66047, 47617, 68586, 62359, 59775, 47183, 48271, 44733, 66939, 65625, 47452, 44513, 43365, 44915, 46332, 43331, 53528, 55294, 46989, 56630, 69487, 58982, 60202, 62764, 59650, 65000, 50571, 46752, 68356, 53528, 55294, 66047, 40805, 44261, 72779, 57911, 40960, 46752, 50571, 52982, 50441, 65000, 51039, 36862, 66463, 48271, 52396, 49397, 47166, 74991, 52498, 50429, 51452, 60798, 64532, 56788, 77976, 68541, 60677, 57637, 47116, 47166, 66939, 50429, 77976, 56788, 64532, 60798, 68346, 68541, 50174, 65255, 74991, 52498, 64837, 51452, 74442, 66299, 53482, 57032, 53334, 51444, 48422, 57013, 60903, 75068, 60737, 49967]
[730, 680, 550, 470, 1080, 400, 750, 690, 890, 550, 720, 750, 600, 650, 745, 710, 920, 620, 330, 758, 420, 606, 620, 600, 1058, 650, 680, 598, 795, 620, 600, 620, 1058, 758, 660, 718, 795, 850, 540, 380, 788, 630, 780, 730, 480, 590, 370, 625, 415, 550, 380, 750, 795, 1270, 730, 565, 820, 1300, 510, 380, 680, 415, 550, 1058, 710, 640, 728, 765, 514, 380, 510, 645, 750, 1300, 580, 358, 935, 540, 280, 303, 490, 1000, 370, 300, 280, 578, 800, 768, 490, 700, 235, 640, 325, 490, 788, 300, 490, 768, 800, 578, 950, 700, 435, 770, 1000, 370, 770, 280, 1020, 612, 550, 470, 240, 360, 270, 600, 810, 750, 620, 295]
