wenjing road
[25868, 28049, 34560, 26513, 37411, 29506, 29570, 28669, 27525, 28424, 29315, 28546, 25921, 29362, 27525, 26838, 27123, 27326, 26446, 24630]
[170, 115, 250, 163, 230, 175, 215, 152, 160, 99, 265, 155, 323, 155, 205, 165, 200, 168, 155, 98]
jianchuan road
[48388, 39476, 35247, 41866, 35883, 38920, 36857, 36914, 37821, 43210, 38691, 38077, 36868, 45000, 36804, 39382, 35823, 36144, 46952, 39710, 36207, 40529, 35377, 37890, 36292, 34260, 40073, 42261, 40179, 35601, 43512, 32546, 36878, 39347, 34382, 37816, 38838, 41759, 40994, 40498, 40186, 40706, 39421, 34195, 32582, 37221, 34329, 39101, 37267, 33297, 41136, 40498, 42436, 40000, 41732, 37856, 41329, 41105, 43581, 35601, 32717, 34321, 41048, 38467, 35019, 35465, 35277, 39591, 37296, 40591, 34128, 37800, 38357, 36292, 36352, 36207, 41633, 34740, 41951, 42924, 37718, 36929]
[300, 355, 320, 378, 565, 350, 279, 465, 295, 350, 280, 380, 459, 346, 339, 405, 330, 355, 385, 290, 239, 408, 329, 349, 285, 370, 530, 335, 530, 235, 570, 179, 495, 330, 270, 349, 358, 380, 330, 420, 260, 508, 490, 315, 550, 293, 230, 480, 235, 458, 239, 420, 308, 259, 350, 310, 530, 390, 535, 235, 530, 270, 315, 315, 275, 279, 236, 290, 455, 294, 268, 290, 280, 285, 269, 239, 560, 238, 339, 360, 265, 290]
xinzhuang
[57570, 54622, 43397, 38760, 76644, 51039, 49580, 51976, 66013, 58390, 56479, 60903, 46739, 52112, 44733, 43557, 48747, 64407, 76308, 63682, 48855, 49723, 70273, 40805, 72430, 47137, 69570, 57637, 69520, 49967, 47406, 48300, 60125, 61705, 54300, 48234, 46970, 52874, 44915, 48153, 63682, 76308, 63518, 47143, 52982, 51077, 55385, 45424, 65396, 58276, 85410, 44538, 45369, 38617, 67245, 43152, 48224, 57364, 66939, 97793, 44915, 83912, 52183, 75000, 62178, 55371, 70472, 70273, 72430, 64407, 52112, 46739, 48747, 47617, 46347, 57570, 48855, 49723, 49580, 51039, 72951, 66013, 57637, 69520, 69570, 47137, 59650, 42106, 53275, 47452, 49723, 70273, 47137, 59650, 40805, 76644, 69520, 69570, 51039, 47452, 49580, 64837, 53275, 55581, 43331, 44513, 46204, 55294, 37068, 72449, 68215, 62185, 52396, 57013, 56538, 58778, 72545, 75068, 51668, 50736]
[578, 650, 690, 620, 695, 580, 590, 450, 800, 760, 500, 810, 685, 248, 380, 650, 990, 760, 515, 650, 258, 358, 1250, 710, 403, 279, 770, 640, 710, 295, 750, 588, 636, 640, 1150, 385, 620, 620, 590, 460, 650, 515, 355, 660, 645, 600, 1080, 535, 655, 375, 425, 700, 720, 614, 590, 580, 650, 238, 788, 660, 590, 810, 300, 750, 760, 598, 920, 1250, 403, 760, 248, 685, 990, 758, 680, 578, 258, 358, 590, 580, 469, 800, 640, 710, 770, 279, 820, 400, 650, 780, 358, 1250, 279, 820, 710, 695, 710, 770, 580, 780, 590, 770, 650, 730, 625, 730, 555, 550, 360, 710, 890, 850, 280, 600, 595, 600, 650, 750, 595, 345]
dongchuan road
[39476, 34912, 42245, 37673, 44420, 38415, 45307, 39414, 41993, 40639, 39289, 40931, 27836, 38920, 35852, 48606, 39383, 41515, 39342, 40887, 41831, 51444, 40152, 36147, 36684, 36914, 36151, 45003, 41864, 45000, 37552, 50000, 38137, 38265, 40689, 41021, 37643, 40364, 39279, 36769, 38216, 46995, 37272, 32449, 41426, 31220, 40016, 36863, 40488, 40941, 35883, 41805, 39382, 42000, 43031, 40294, 37803, 40781, 40101, 39276, 43512, 39189, 36257, 43275, 42049, 38948, 41674, 40506, 39949, 35760, 41323, 40463, 38401, 40498, 41993, 39342, 40887, 41831, 34260, 40073, 42133, 37635, 39949, 47655, 40874, 39765, 40881, 40179, 40964, 32582, 41136, 38323, 41359, 38221, 32582, 38134, 38526, 40803, 48282, 37520, 39949, 42449, 40257, 32749, 40679, 38955, 38410, 40498, 40454, 38143, 41976, 32717, 37091, 42800, 38763, 41561, 40849, 40388, 37314, 36985]
[355, 250, 335, 235, 560, 440, 250, 360, 370, 420, 490, 190, 270, 350, 243, 1220, 260, 330, 258, 260, 266, 253, 530, 245, 300, 465, 435, 710, 195, 450, 235, 820, 420, 187, 260, 460, 260, 360, 270, 325, 370, 290, 590, 330, 365, 780, 520, 329, 498, 385, 565, 380, 405, 200, 380, 335, 490, 255, 255, 245, 570, 670, 215, 240, 248, 262, 265, 285, 250, 252, 255, 238, 315, 420, 370, 258, 260, 266, 370, 530, 260, 315, 250, 1150, 275, 385, 275, 530, 245, 550, 239, 212, 263, 475, 550, 250, 230, 240, 798, 265, 250, 215, 320, 560, 175, 243, 255, 420, 375, 230, 560, 530, 204, 535, 228, 490, 260, 530, 225, 210]
beiqiao
[37085, 31715, 28959, 31984, 32576, 32575, 26480, 24967, 41305, 32706, 42432, 35099, 32100, 38816, 30240, 36804, 29503, 35883, 30298, 38772, 35060, 33058, 35578, 31591, 31314, 57269, 35331, 39566, 39270, 33283, 33334, 33283, 32972, 35331, 39566, 39270, 49257, 39309, 30732, 33887, 31581, 34303, 30117, 33368, 36727, 37493, 43479, 44898, 31888, 32706, 32144, 30490, 29111, 31961, 29688, 31405, 36750, 38683, 31314, 36521, 38978, 31854, 32392, 32990, 32025, 33226, 33339]
[145, 258, 278, 278, 265, 468, 315, 297, 190, 205, 245, 220, 255, 215, 246, 420, 240, 305, 182, 178, 518, 240, 223, 200, 260, 1300, 450, 182, 185, 305, 290, 305, 240, 450, 182, 185, 1100, 182, 250, 245, 179, 190, 245, 425, 315, 235, 200, 440, 225, 205, 190, 223, 165, 260, 190, 178, 208, 155, 260, 207, 180, 300, 298, 195, 190, 195, 216]
yindu road
[36221, 43155, 51328, 39781, 58303, 46230, 48906, 37110, 46453, 55766, 49387, 47878, 37622, 42262, 40398, 49650, 47509, 53332, 41769, 41871, 40199, 44512, 54525, 46080, 59937, 60302, 50104, 47368, 47177, 45109, 44512, 50104, 47368, 59937, 60302, 41769, 40199, 46080, 45109, 43224, 41798, 44393, 51366, 47228, 46896, 42226, 39230, 45014, 62465, 57610, 41789, 38889, 48637, 49084, 37141, 39219, 53141, 51578, 39927, 43043, 53712, 49894, 46896, 39230, 48637, 39927, 38889, 39026, 51920, 46500, 47509, 59598, 54919, 57871, 55830, 52096, 45014, 48231, 45772, 46426, 47686, 47488, 50112, 51709, 45008, 56101, 42435, 45831, 52179, 57278, 59598, 51920, 47686, 47488, 50112, 51709, 45008, 52179, 44389, 45772, 52366, 43401, 45975, 38644]
[830, 365, 230, 610, 1480, 450, 670, 570, 220, 530, 660, 485, 720, 355, 610, 283, 225, 1050, 290, 480, 340, 500, 720, 275, 890, 1200, 1020, 215, 320, 255, 500, 1020, 215, 890, 1200, 290, 340, 275, 255, 303, 293, 475, 660, 201, 355, 296, 275, 255, 1450, 1150, 443, 270, 660, 688, 360, 279, 1100, 685, 326, 335, 1050, 588, 355, 275, 660, 326, 270, 330, 660, 465, 225, 1200, 565, 550, 555, 660, 255, 263, 460, 263, 204, 430, 225, 557, 215, 555, 290, 399, 515, 1190, 1200, 660, 204, 430, 225, 557, 215, 515, 390, 460, 528, 340, 410, 310]
jinping road
[33624, 47195, 44420, 33992, 39383, 48606, 34388, 39732, 45455, 45307, 51692, 40488, 38137, 46995, 34011, 37272, 28450, 51444, 44354, 32847, 41805, 45000, 40364, 41864, 41940, 30296, 39279, 48952, 40016, 37120, 42767, 40702, 40942, 33546, 40231, 33295, 43031, 43532, 33721, 37725, 38533, 33046, 34154, 40689, 42991, 39276, 34479, 31240, 34897, 36942, 42245, 33992, 38991, 28765, 40581, 50868, 38268, 28356, 37635, 41515, 33541, 34625, 37251, 40436, 30476, 42904, 41021, 33409, 30250, 40941, 36151, 37803, 38959, 37643, 52106, 40101, 46024, 45003, 32463, 29810, 38216, 32739, 41426, 42000, 36471, 40294, 37673, 39414, 30755, 40857, 34011, 42000, 43031, 36471, 40294, 37803, 40101, 39276, 38533, 33046, 42991, 37725, 39674, 38401, 32559, 44919, 40463, 29336, 30820, 48341, 40506, 42049, 39949, 41323, 43664, 33569, 31241, 42133, 30615, 45732]
[135, 625, 560, 260, 1220, 175, 545, 245, 250, 900, 498, 420, 290, 129, 590, 280, 253, 540, 144, 380, 450, 360, 195, 590, 128, 270, 850, 520, 285, 295, 580, 400, 190, 488, 170, 380, 530, 145, 315, 480, 295, 525, 260, 368, 245, 530, 480, 320, 215, 335, 210, 428, 298, 495, 880, 1060, 150, 490, 330, 205, 185, 485, 435, 470, 399, 460, 298, 240, 385, 435, 490, 570, 260, 850, 255, 585, 710, 118, 163, 370, 110, 365, 200, 155, 335, 235, 360, 163, 370, 129, 200, 380, 155, 335, 490, 255, 245, 480, 295, 368, 315, 365, 315, 185, 465, 238, 225, 132, 590, 285, 248, 250, 255, 380, 195, 200, 260, 262, 450]
huaning road
[35344, 33055, 29000, 29851, 28849, 32418, 36454, 29261, 33619, 30191, 31621, 33046, 34815, 28879, 31089, 28936, 29886, 28356, 31165, 27828, 30049, 31316, 27223, 30446, 33720, 29310, 28905, 32204, 29572, 31650, 33720, 30250, 29310, 31650, 27211, 30476, 23165, 34815, 31165, 35344, 30191, 28450, 27223, 27828, 22512, 30446, 33046, 31279, 34479, 29261, 31427, 31089, 29886, 28356, 29402, 37776, 29808, 30755, 30260, 25013, 25013, 30069, 37776, 30985, 30260, 32192, 27783, 30854, 30010, 28802, 34269, 27033, 30602, 30367, 30702, 29685, 25013, 28913, 29336, 30820, 28312, 30176, 28804, 30888, 31368, 26473, 31405, 32693, 31599, 29336, 30865, 33576, 30829, 29886, 29269, 31036, 30956, 31997, 30330, 34646, 33108, 26722, 31727, 31850, 30274, 31505, 26496, 29261, 31808, 34316, 31510, 31773, 29500, 26473, 32693, 31599, 30026, 29336, 28587, 29813]
[320, 368, 145, 318, 116, 460, 215, 290, 310, 431, 160, 295, 188, 180, 330, 400, 128, 150, 240, 155, 268, 285, 290, 168, 300, 530, 295, 248, 348, 230, 300, 240, 530, 230, 108, 470, 100, 188, 240, 320, 431, 280, 290, 155, 90, 168, 295, 310, 530, 290, 150, 330, 128, 150, 245, 290, 350, 163, 106, 100, 100, 225, 290, 285, 106, 155, 155, 185, 300, 240, 325, 135, 255, 160, 280, 160, 100, 308, 225, 132, 143, 165, 170, 368, 165, 280, 170, 255, 135, 125, 213, 265, 128, 265, 290, 243, 320, 175, 330, 230, 480, 395, 218, 240, 310, 290, 328, 375, 167, 135, 159, 165, 170, 255, 151, 135, 165, 162]
minhang kaifaqu
[34903, 25051, 28645, 33521, 34697, 30200, 35671, 31903, 29527, 30675, 29206, 31245, 32233, 36686, 29570, 31468, 33546, 26513, 31231, 30977, 33319, 28984, 25051, 37411, 28216, 37944, 34560, 28278, 27525, 25150, 28278, 27525, 25902, 28817, 25150, 32963, 34903, 36686, 25051, 31468, 30200, 28049, 25868, 24101, 26319, 28424, 31001, 30462, 25137, 27153, 32030, 26517, 28075, 28546, 27123, 27525, 26838, 27188, 29315, 29362, 28546, 27525, 26446, 29091, 27123, 24630, 28233, 27326, 25990]
[129, 300, 180, 400, 218, 177, 320, 220, 205, 160, 150, 390, 120, 170, 215, 190, 195, 163, 350, 280, 153, 175, 300, 230, 170, 355, 250, 195, 160, 135, 195, 160, 158, 148, 135, 178, 129, 170, 300, 190, 177, 115, 170, 235, 240, 99, 140, 99, 120, 105, 185, 108, 205, 155, 200, 205, 165, 87, 265, 155, 155, 205, 155, 160, 200, 98, 145, 168, 86]
chunshen road
[57570, 54622, 43397, 38760, 76644, 44946, 49580, 47115, 47904, 66013, 35030, 55402, 60801, 46739, 51891, 64407, 76308, 61227, 70273, 47368, 72430, 69570, 69520, 60192, 44563, 57947, 43233, 46599, 57739, 72951, 65677, 53275, 62614, 65413, 53777, 63552, 48670, 42106, 67043, 54107, 44201, 64837, 65023, 38458, 55837, 78033, 58446, 68356, 47878, 65790, 44966, 69487, 83912, 66939, 97793, 67988, 36058, 75000, 52874, 46230, 64837, 47904, 47115, 53275, 57739, 62185, 57013, 58426, 56538, 64846, 54800, 75068, 70930, 63317, 68346, 67530, 74442, 66391, 54960, 41530, 54919, 45033, 49115, 54692, 67789, 65845, 57947, 60192, 44563, 43233, 57032, 53309, 64863, 55706, 62978, 39219, 48382, 52623, 55820, 50076, 53544, 66146, 53099, 62301, 54448, 62084, 72276, 68202, 75068, 44563, 57739, 54960, 49115, 67789, 55388, 55208, 48504, 46500, 49894, 77976]
[578, 650, 690, 620, 695, 466, 590, 640, 585, 800, 305, 280, 870, 685, 660, 760, 515, 998, 1250, 215, 403, 770, 710, 699, 386, 793, 390, 998, 770, 469, 800, 650, 760, 758, 230, 835, 300, 400, 618, 560, 700, 770, 638, 332, 950, 525, 600, 680, 485, 750, 418, 795, 810, 788, 660, 470, 600, 750, 620, 450, 770, 585, 640, 650, 770, 850, 600, 785, 595, 852, 705, 750, 477, 630, 950, 950, 1020, 608, 389, 378, 536, 660, 660, 380, 1100, 828, 793, 699, 386, 390, 470, 228, 350, 620, 338, 279, 275, 318, 610, 299, 680, 820, 610, 429, 606, 335, 390, 770, 750, 386, 770, 389, 660, 1100, 770, 238, 820, 465, 588, 490]
zhuanqiao
[39185, 36743, 48551, 33010, 51088, 49339, 49141, 59006, 33844, 52302, 37665, 36990, 35176, 52483, 33051, 45596, 33840, 37133, 51906, 51796, 51873, 49441, 38975, 34634, 43742, 32204, 29489, 57320, 34412, 39510, 35558, 51265, 50511, 51087, 48147, 33419, 40324, 51801, 39333, 49355, 32148, 39075, 36632, 47274, 46323, 36215, 26521, 34568, 48598, 55385, 34946, 52720, 31817, 39020, 36214, 49437, 38393, 54420, 31209, 56145, 38393, 51433, 49209, 34338, 35463, 38172, 51631, 52300, 32446, 50978, 51539, 33033, 36361, 68833, 32642, 40021, 43785, 35060, 52074, 37077, 26431, 47984, 34591, 33598, 55359, 36605, 31068, 41592, 51638, 57296, 49209, 26651, 49873, 36145, 40608, 55295, 44363, 39057, 34189, 34310, 56738, 46276, 44372, 25207, 45712, 48619, 52886, 37007, 37635, 32446, 34591, 33598, 41055, 38930, 38334, 49652, 51909, 53722, 45000, 43222]
[390, 300, 335, 340, 310, 500, 460, 1700, 385, 2500, 320, 230, 350, 760, 390, 1280, 450, 360, 508, 460, 475, 455, 330, 308, 260, 530, 450, 296, 350, 245, 299, 590, 495, 470, 265, 248, 339, 400, 370, 459, 318, 250, 355, 580, 398, 305, 410, 310, 265, 288, 680, 315, 483, 215, 360, 439, 535, 282, 308, 498, 535, 650, 255, 220, 216, 182, 483, 489, 330, 360, 710, 326, 235, 1500, 335, 465, 385, 346, 580, 315, 435, 1199, 355, 335, 625, 433, 420, 370, 399, 1050, 255, 430, 490, 345, 1550, 282, 408, 265, 220, 335, 800, 410, 525, 440, 445, 880, 471, 268, 350, 330, 355, 335, 495, 429, 460, 1319, 476, 415, 495, 505]
