zhuanqiao
[45596, 49355, 40324, 52720, 36632, 51088, 39510, 34634, 35176, 36990, 51906, 49441, 51873, 52302, 49339, 49141, 59006, 51801, 57320, 48147, 33419, 50511, 51265, 39185, 52483, 33010, 34568, 47274, 49437, 48598, 39510, 50511, 57320, 51265, 39185, 35176, 52302, 34634, 51906, 49441, 52483, 51873, 35060, 37077, 68833, 40021, 55359, 31068, 36605, 47984, 54825, 32642, 50978, 51539, 35387, 51631, 52300, 33033, 36361, 49209, 48619, 44372, 49652, 43222, 38984, 53722, 57149, 49873, 51909, 35387, 26651, 38930, 34310, 37007, 37489, 37007, 34490, 48778, 48421, 51019, 49170, 40521, 53562, 39481, 34189, 37665, 36364, 48551, 33051, 33654, 43222, 38984, 53722, 54606, 36022, 36454, 35785, 32586, 53562, 36364, 38534, 33654, 40521, 46276, 34591, 34412, 41592, 35558, 51796, 43406, 44363, 40608, 38975, 32446, 32287, 41055, 55295, 39333, 33664, 30427]
[1280, 459, 339, 315, 355, 310, 245, 308, 350, 230, 508, 455, 475, 2500, 500, 460, 1700, 400, 296, 265, 248, 495, 590, 390, 760, 340, 310, 580, 439, 265, 245, 495, 296, 590, 390, 350, 2500, 308, 508, 455, 760, 475, 346, 315, 1500, 465, 625, 420, 433, 1199, 625, 335, 360, 710, 285, 483, 489, 326, 235, 255, 880, 525, 1319, 505, 460, 415, 295, 490, 476, 285, 430, 429, 335, 268, 255, 268, 338, 439, 1200, 436, 530, 355, 500, 450, 320, 320, 360, 335, 390, 315, 505, 460, 415, 243, 368, 365, 305, 500, 360, 248, 315, 355, 410, 355, 350, 370, 299, 460, 258, 408, 1550, 330, 330, 182, 495, 282, 370, 275, 322]
jinping road
[46995, 38216, 37272, 37120, 43532, 51692, 40942, 42000, 43031, 36471, 40294, 33295, 47195, 42767, 40016, 40702, 40488, 33409, 30250, 40941, 37803, 41021, 30476, 45003, 45000, 46024, 30296, 41940, 40689, 34154, 39383, 37635, 40436, 37251, 41515, 33541, 34131, 47195, 45003, 45000, 38959, 38137, 42904, 41940, 30296, 33409, 30250, 46024, 34479, 40689, 34154, 41021, 37643, 30476, 40364, 39279, 32463, 52106, 33624, 40942, 30296, 37725, 37673, 31240, 34897, 28765, 38991, 36942, 40581, 42245, 33992, 40436, 41515, 37251, 33541, 33624, 30755, 31766, 40857, 45455, 39289, 45056, 45307, 39414, 29112, 30176, 40639, 48341, 41993, 29336, 33569, 38948, 31241, 46936, 44919, 39674, 40463, 38401, 40506, 42049, 48341, 29336, 41323, 41674, 43664, 34131, 32559, 40874, 38846, 42060, 42249, 44436, 42064, 38045, 36967, 39583, 43113, 36859, 43963, 32901]
[290, 370, 590, 285, 530, 900, 400, 200, 380, 155, 335, 170, 625, 295, 520, 580, 498, 298, 240, 385, 490, 460, 470, 710, 450, 585, 128, 590, 260, 525, 260, 490, 435, 485, 330, 205, 448, 625, 710, 450, 570, 420, 399, 590, 128, 298, 240, 585, 530, 260, 525, 460, 260, 470, 360, 270, 118, 850, 135, 400, 128, 315, 235, 480, 320, 298, 428, 215, 495, 335, 210, 435, 330, 485, 205, 135, 163, 179, 370, 245, 490, 560, 250, 360, 168, 165, 420, 590, 370, 225, 195, 262, 200, 435, 465, 365, 238, 315, 285, 248, 590, 225, 255, 265, 380, 448, 185, 275, 556, 335, 520, 460, 265, 340, 215, 220, 395, 528, 280, 185]
xinzhuang
[51786, 37008, 63518, 60798, 63682, 40805, 76644, 72430, 48747, 46347, 43557, 47617, 50941, 85410, 45300, 54300, 68356, 63540, 52183, 65790, 69487, 50678, 55371, 70472, 44538, 45369, 40960, 47406, 59067, 38617, 52183, 62178, 75000, 44915, 52982, 59067, 54300, 51077, 55385, 60000, 55371, 70472, 65023, 76308, 60798, 37008, 43557, 46739, 55891, 57570, 48855, 72430, 62614, 62863, 53275, 67043, 54107, 51039, 64837, 57637, 66013, 69570, 69520, 40805, 59650, 76644, 72951, 49967, 47029, 49580, 47452, 64151, 47574, 58583, 50571, 43331, 46599, 46347, 48747, 47617, 63682, 48153, 63518, 65677, 58390, 49073, 70930, 52396, 57013, 72449, 63374, 48565, 46910, 47522, 51993, 44540, 60679, 57911, 45033, 57013, 52396, 68215, 63747, 58778, 72449, 72545, 54919, 55995, 67530, 74442, 63317, 50736, 75068, 51668, 70930, 55294, 48555, 49073, 46204, 44513]
[770, 640, 355, 578, 650, 710, 695, 403, 990, 680, 650, 758, 620, 425, 530, 1150, 680, 970, 300, 750, 795, 520, 598, 920, 700, 720, 514, 750, 800, 614, 300, 760, 750, 590, 645, 800, 1150, 600, 1080, 740, 598, 920, 638, 515, 578, 640, 650, 685, 685, 578, 258, 403, 760, 920, 650, 618, 560, 580, 770, 640, 800, 770, 710, 710, 820, 695, 469, 295, 690, 590, 780, 340, 345, 845, 510, 625, 998, 680, 990, 758, 650, 460, 355, 800, 760, 685, 477, 280, 600, 710, 680, 335, 258, 578, 321, 365, 608, 765, 660, 600, 280, 890, 745, 600, 710, 650, 536, 305, 950, 1020, 630, 345, 750, 595, 477, 550, 586, 685, 555, 730]
minhang kaifaqu
[24101, 25137, 32030, 31001, 30462, 28424, 30084, 26319, 37944, 34560, 26513, 34697, 33546, 28216, 30977, 33319, 31231, 28645, 33521, 28984, 30675, 25150, 25868, 29570, 29206, 25902, 32963, 28278, 30200, 28817, 28278, 27525, 25902, 28817, 25150, 32963, 34903, 36686, 25051, 31468, 30200, 25868, 24101, 26319, 28424, 31001, 30462, 25137, 32030, 28075, 27326, 28233, 26446, 25990, 28546, 27123, 27525, 26838, 27188, 29315, 28546, 27525, 25990, 27153, 28049, 26517, 24630, 29362, 29091]
[235, 120, 185, 140, 99, 99, 112, 240, 355, 250, 163, 218, 195, 170, 280, 153, 350, 180, 400, 175, 160, 135, 170, 215, 150, 158, 178, 195, 177, 148, 195, 160, 158, 148, 135, 178, 129, 170, 300, 190, 177, 170, 235, 240, 99, 140, 99, 120, 185, 205, 168, 145, 155, 86, 155, 200, 205, 165, 87, 265, 155, 205, 86, 105, 115, 108, 98, 155, 160]
chunshen road
[57570, 76644, 44946, 49580, 47115, 47904, 66013, 35030, 55402, 60801, 46739, 76308, 61227, 47368, 72430, 69570, 69520, 60192, 57947, 43233, 46599, 57739, 72951, 65677, 53275, 62614, 65413, 53777, 63552, 48670, 65677, 48670, 35030, 55402, 62614, 63552, 53777, 66013, 72951, 67043, 54107, 76644, 69520, 69570, 44201, 49580, 64837, 47904, 47115, 53275, 57739, 62185, 57013, 58426, 56538, 64846, 54800, 75068, 70930, 63317, 52623, 44540, 60679, 45033, 54960, 57013, 58426, 54919, 67530, 74442, 63317, 75068, 70930, 57739, 62185, 56538, 64846, 54800, 49115, 54692, 67789, 65845, 66391, 41530, 54800, 53188, 52381, 55245, 43195, 50820, 63463, 59866, 71521, 51100, 47077, 59215, 50220, 55706, 57032, 46500, 55245, 52381, 47704, 62978, 64863, 53544, 62301, 62084, 72276, 54448, 50076, 53099, 53309, 55208, 48504, 59028, 69598, 39238, 64874, 77976]
[578, 695, 466, 590, 640, 585, 800, 305, 280, 870, 685, 515, 998, 215, 403, 770, 710, 699, 793, 390, 998, 770, 469, 800, 650, 760, 758, 230, 835, 300, 800, 300, 305, 280, 760, 835, 230, 800, 469, 618, 560, 695, 710, 770, 700, 590, 770, 585, 640, 650, 770, 850, 600, 785, 595, 852, 705, 750, 477, 630, 318, 365, 608, 660, 389, 600, 785, 536, 950, 1020, 630, 750, 477, 770, 850, 595, 852, 705, 660, 380, 1100, 828, 608, 378, 705, 428, 550, 750, 370, 310, 585, 960, 947, 532, 459, 1275, 400, 620, 470, 465, 750, 550, 296, 338, 350, 680, 429, 335, 390, 606, 299, 610, 228, 238, 820, 850, 969, 595, 598, 490]
huaning road
[35344, 33055, 29000, 29851, 28849, 32418, 36454, 30191, 31621, 33046, 34815, 28879, 31089, 28936, 29886, 28356, 31165, 27828, 30049, 31316, 27223, 33720, 29310, 28905, 32204, 29572, 31650, 23165, 30476, 22512, 28450, 30381, 40942, 24513, 44722, 27211, 30250, 34479, 29207, 34154, 32464, 31427, 29796, 30296, 31279, 34897, 32058, 28765, 32389, 30926, 29582, 29762, 29402, 30755, 32830, 25013, 30069, 37776, 30985, 30260, 32192, 27783, 30854, 30010, 28802, 34269, 27033, 30602, 30367, 30702, 29685, 25013, 28913, 29336, 28312, 30176, 28804, 31368, 26473, 31405, 32693, 31599, 26496, 31727, 29261, 31773, 28681, 28018, 35994, 28363, 31727, 31808, 29261, 29726, 31355, 32064, 29999, 32289, 31169, 28645, 31471, 31036, 29269, 30330, 29813, 28587, 30956, 31997, 36019, 30770, 30982, 29813, 28902, 29328, 35947, 33108, 26496, 31510, 30274, 31505]
[320, 368, 145, 318, 116, 460, 215, 431, 160, 295, 188, 180, 330, 400, 128, 150, 240, 155, 268, 285, 290, 300, 530, 295, 248, 348, 230, 100, 470, 90, 280, 286, 400, 98, 555, 108, 240, 530, 180, 525, 250, 150, 128, 128, 310, 320, 186, 298, 225, 238, 138, 248, 245, 163, 115, 100, 225, 290, 285, 106, 155, 155, 185, 300, 240, 325, 135, 255, 160, 280, 160, 100, 308, 225, 143, 165, 170, 368, 165, 280, 170, 255, 310, 395, 290, 135, 270, 162, 115, 155, 395, 328, 290, 128, 168, 260, 275, 173, 240, 223, 245, 290, 265, 175, 162, 165, 243, 320, 330, 340, 180, 162, 225, 175, 320, 230, 310, 167, 218, 240]
beiqiao
[42432, 36804, 38772, 28959, 35060, 41305, 35883, 31984, 31715, 30298, 30240, 38816, 24967, 26480, 57269, 28482, 36532, 31533, 33121, 39270, 35331, 36727, 29688, 36521, 33368, 30117, 33339, 31314, 32144, 31591, 38978, 31854, 37493, 32990, 32972, 32706, 35578, 32100, 29111, 34303, 33226, 32575, 36727, 29503, 32025, 31591, 37085, 33339, 32144, 31888, 31314, 49257, 32576, 33058, 35099, 36750, 39309, 38683, 39566, 31405, 31314, 38683, 39566, 31405, 31581, 40000]
[245, 420, 178, 278, 518, 190, 305, 278, 258, 182, 246, 215, 297, 315, 1300, 180, 308, 230, 275, 185, 450, 315, 190, 207, 425, 245, 216, 260, 190, 200, 180, 300, 235, 195, 240, 205, 223, 255, 165, 190, 195, 468, 315, 240, 190, 200, 145, 216, 190, 225, 260, 1100, 265, 240, 220, 208, 182, 155, 182, 178, 260, 155, 182, 178, 179, 300]
dongchuan road
[31220, 40016, 41426, 36914, 36684, 40152, 36147, 46995, 40781, 45000, 40364, 40294, 40689, 45003, 35852, 39383, 38415, 48606, 39382, 42000, 40488, 40941, 37803, 41021, 35883, 37643, 50000, 36769, 32449, 43031, 40488, 40941, 37643, 50000, 35883, 38137, 37803, 41021, 41515, 39383, 34912, 40639, 45307, 39476, 39414, 27836, 39289, 40931, 33930, 39022, 43512, 39189, 36257, 42049, 38948, 41674, 40506, 41323, 40463, 38401, 33930, 40073, 41323, 39022, 42133, 34260, 40179, 41136, 40803, 38134, 38323, 40881, 40874, 42064, 48282, 38526, 40257, 38955, 40498, 32749, 32717, 40679, 38410, 38143, 41976, 37635, 47655, 32582, 39765, 41831, 43275, 40887, 42991, 40498, 38143, 41976, 32717, 40849, 36821, 40101, 37552, 39949, 39765, 35760, 36151, 41831, 39949, 37520, 39276, 51444, 39949, 41561, 35142, 38221, 43782, 41359, 37314, 42800, 40454, 41805]
[780, 520, 365, 465, 300, 530, 245, 290, 255, 450, 360, 335, 260, 710, 243, 260, 440, 1220, 405, 200, 498, 385, 490, 460, 565, 260, 820, 325, 330, 380, 498, 385, 260, 820, 565, 420, 490, 460, 330, 260, 250, 420, 250, 355, 360, 270, 490, 190, 205, 630, 570, 670, 215, 248, 262, 265, 285, 255, 238, 315, 205, 530, 255, 630, 260, 370, 530, 239, 240, 250, 212, 275, 275, 265, 798, 230, 320, 243, 420, 560, 530, 175, 255, 230, 560, 315, 1150, 550, 385, 266, 240, 260, 368, 420, 230, 560, 530, 260, 220, 255, 235, 250, 385, 252, 435, 266, 250, 265, 245, 253, 250, 490, 230, 475, 245, 263, 225, 535, 375, 380]
jianchuan road
[36857, 36914, 36144, 48388, 39382, 35823, 35247, 38077, 35883, 46952, 36868, 45000, 36804, 38920, 38691, 36207, 39476, 40529, 37890, 35377, 36292, 32546, 34382, 38838, 41759, 40994, 40186, 40498, 36878, 43512, 40073, 40186, 34260, 40179, 41136, 34195, 34329, 40706, 39421, 37267, 41105, 43581, 37221, 40498, 41732, 32717, 33297, 42261, 40000, 32582, 34321, 35465, 41866, 41329, 36292, 36352, 42924, 35277, 35019, 37296, 36207, 37821, 34740, 35601, 41951, 43210, 38467, 39710, 38357, 37816, 39591, 40591, 37800, 41048, 42436, 37246, 35601, 36929, 37718, 41633, 34128]
[279, 465, 355, 300, 405, 330, 320, 380, 565, 385, 459, 346, 339, 350, 280, 239, 355, 408, 349, 329, 285, 179, 270, 358, 380, 330, 260, 420, 495, 570, 530, 260, 370, 530, 239, 315, 230, 508, 490, 235, 390, 535, 293, 420, 350, 530, 458, 335, 259, 550, 270, 279, 378, 530, 285, 269, 360, 236, 275, 455, 239, 295, 238, 235, 339, 350, 315, 290, 280, 349, 290, 294, 290, 315, 308, 305, 235, 290, 265, 560, 268]
yindu road
[36221, 43155, 51328, 39781, 46230, 48906, 37110, 46453, 55766, 49387, 47878, 42262, 49650, 47509, 53332, 41769, 41871, 44512, 46080, 59937, 60302, 50104, 47368, 47177, 52792, 46979, 38220, 50810, 57541, 43688, 47904, 47115, 41798, 44393, 57610, 62465, 48637, 49084, 42226, 46896, 45014, 51366, 43224, 47228, 50559, 37141, 38889, 39927, 47509, 54919, 57871, 55830, 48813, 48799, 56101, 45831, 41553, 57278, 47077, 51445, 48799, 42435, 45831, 47077, 51445, 50112, 47488, 52179, 52096, 38644, 53141, 51578, 46500, 43043, 45014, 39219, 49894, 48231, 45109, 39230, 46426, 45014, 45772, 40398, 40199, 58303, 51834, 52366, 48863, 41370, 43401, 59598, 58945, 42504, 47353, 47686, 45008, 41789, 37622, 45037, 45975, 51709, 54525, 44389]
[830, 365, 230, 610, 450, 670, 570, 220, 530, 660, 485, 355, 283, 225, 1050, 290, 480, 500, 275, 890, 1200, 1020, 215, 320, 539, 660, 279, 700, 1850, 445, 585, 640, 293, 475, 1150, 1450, 660, 688, 296, 355, 255, 660, 303, 201, 570, 360, 270, 326, 225, 565, 550, 555, 489, 475, 555, 399, 440, 1190, 459, 940, 475, 290, 399, 459, 940, 225, 430, 515, 660, 310, 1100, 685, 465, 335, 255, 279, 588, 263, 255, 275, 263, 255, 460, 610, 340, 1480, 212, 528, 599, 290, 340, 1200, 1200, 330, 228, 204, 215, 443, 720, 485, 410, 557, 720, 390]
wenjing road
[34560, 29570, 28669, 25868, 37411, 27525, 26513, 29506, 28424, 29315, 28546, 25921, 27326, 27123, 26838, 27525, 26446, 28049, 29362, 24630]
[250, 215, 152, 170, 230, 160, 163, 175, 99, 265, 155, 323, 168, 200, 165, 205, 155, 115, 155, 98]
