dongchuan road
[45003, 41864, 40689, 37673, 38134, 38920, 42245, 38265, 40101, 43275, 42991, 39949, 40364, 42049, 37552, 39279, 45000, 37725, 39276, 39949, 36684, 31220, 40016, 36914, 51444, 40152, 37635, 43031, 36769, 39022, 39382, 42000, 38401, 32749, 42133, 40294, 36147, 46995, 32449, 40781, 38415, 35852, 38936, 48606, 38143, 43512, 41426, 37272, 38216, 40488, 40941, 37643, 50000, 41805, 35883, 40498, 36863, 39949, 40874, 38137, 40498, 39765, 38265, 39279, 38920, 42049, 39949, 37725, 39276, 38134, 37673, 40498, 42245, 41515, 40388, 32582, 37520, 41674, 40931, 39289, 38526, 37091, 36985, 27836, 45307, 39476, 40257, 39414, 41976, 47655, 41976, 47655, 32582, 34912, 40463, 41993, 41359, 40073, 38763, 35760, 41136, 39342, 40887, 40849, 41831, 40591, 38948, 42449, 33951, 40679, 38323, 38763, 40506, 40964, 39189, 38221, 42064, 33930, 37314, 48282]
[710, 195, 260, 235, 250, 350, 335, 187, 255, 240, 368, 250, 360, 248, 235, 270, 450, 315, 245, 250, 300, 780, 520, 465, 253, 530, 315, 380, 325, 630, 405, 200, 315, 560, 260, 335, 245, 290, 330, 255, 440, 243, 275, 1220, 230, 570, 365, 590, 370, 498, 385, 260, 820, 380, 565, 420, 329, 250, 275, 420, 420, 385, 187, 270, 350, 248, 250, 315, 245, 250, 235, 420, 335, 330, 530, 550, 265, 265, 190, 490, 230, 204, 210, 270, 250, 355, 320, 360, 560, 1150, 560, 1150, 550, 250, 238, 370, 263, 530, 228, 252, 239, 258, 260, 260, 266, 294, 262, 215, 550, 175, 212, 228, 285, 245, 670, 475, 265, 205, 225, 798]
wenjing road
[34560, 26513, 28546, 27326, 25868, 27525, 29570, 30421, 26838, 29506, 27525, 27123, 37411, 28669, 28049, 24630, 26483, 28424, 29362, 24756]
[250, 163, 155, 168, 170, 205, 215, 275, 165, 175, 160, 200, 230, 152, 115, 98, 330, 99, 155, 180]
chunshen road
[64863, 55388, 38458, 55837, 78033, 58446, 55245, 67988, 41746, 68356, 47878, 65790, 44966, 69487, 83912, 66939, 97793, 54448, 50820, 67988, 36058, 52381, 75000, 53309, 45033, 47704, 52874, 46230, 62084, 60679, 62084, 60679, 52874, 61227, 52623, 77976, 76308, 52982, 45149, 44009, 55706, 65396, 46500, 85410, 72604, 62978, 52012, 65845, 54448, 47878, 66939, 97793, 78033, 36058, 67988, 50820, 52381, 58446, 67988, 50941, 44946, 76644, 66624, 67442, 59215, 54622, 43397, 38760, 62301, 69570, 72951, 52665, 66013, 54960, 49262, 35030, 52764, 62614, 60113, 69520, 59028, 71521, 68346, 55208, 48670, 50220, 53777, 63552, 44201, 51709, 68202, 66391, 54692, 43195, 64017, 44563, 54602, 62312, 65573, 57947, 43233, 50076, 46599, 48253, 57739, 54919, 53675, 41139, 72951, 67442, 59215, 65677, 53275, 62614, 52764, 65413, 55208, 68346, 53777, 49262]
[350, 770, 332, 950, 525, 600, 750, 470, 550, 680, 485, 750, 418, 795, 810, 788, 660, 606, 310, 470, 600, 550, 750, 228, 660, 296, 620, 450, 335, 608, 335, 608, 620, 998, 318, 490, 515, 645, 362, 397, 620, 655, 465, 425, 490, 338, 455, 828, 606, 485, 788, 660, 525, 600, 470, 310, 550, 600, 470, 620, 466, 695, 615, 580, 1275, 650, 690, 620, 429, 770, 469, 425, 800, 389, 280, 305, 630, 760, 1300, 710, 850, 947, 950, 238, 300, 400, 230, 835, 700, 557, 770, 608, 380, 370, 868, 386, 515, 620, 735, 793, 390, 299, 998, 700, 770, 536, 750, 542, 469, 580, 1275, 800, 650, 760, 630, 758, 238, 950, 230, 280]
xinzhuang
[47847, 48565, 51786, 52120, 56036, 45300, 52532, 52498, 56297, 55837, 40960, 54300, 67878, 78033, 58446, 63540, 67988, 63742, 62894, 62168, 67245, 52918, 59775, 68356, 49548, 57364, 67080, 65790, 52183, 46141, 45300, 44538, 45369, 72604, 64172, 49383, 56297, 38617, 50941, 54288, 52381, 67988, 46141, 63742, 59775, 68356, 72863, 48836, 54448, 47522, 67988, 63540, 78033, 58446, 62894, 62168, 69487, 51954, 55931, 50678, 44261, 67080, 65790, 83912, 53482, 52874, 44268, 97793, 66939, 42981, 55541, 52918, 43152, 67245, 48224, 49548, 43827, 57364, 42541, 52183, 62178, 75000, 44915, 44915, 60814, 45033, 48321, 60202, 44921, 50174, 57570, 48153, 55891, 63374, 47347, 54448, 47522, 49548, 57364, 58446, 42981, 97793, 66939, 78033, 72863, 48836, 48224, 67245, 67988, 55541, 43152, 63742, 67988, 52381, 46141, 83912, 44268, 53482, 51954, 42541]
[580, 335, 770, 300, 740, 530, 415, 370, 760, 950, 514, 1150, 856, 525, 600, 970, 470, 770, 610, 760, 590, 370, 795, 680, 580, 238, 660, 750, 300, 492, 530, 700, 720, 490, 595, 480, 760, 614, 620, 540, 550, 470, 492, 770, 795, 680, 490, 390, 606, 578, 470, 970, 525, 600, 610, 760, 795, 460, 730, 520, 640, 660, 750, 810, 550, 620, 490, 660, 788, 680, 800, 370, 580, 590, 650, 580, 350, 238, 420, 300, 760, 750, 590, 590, 800, 660, 502, 730, 650, 435, 578, 460, 685, 680, 232, 606, 578, 580, 238, 600, 680, 660, 788, 525, 490, 390, 650, 590, 470, 800, 580, 770, 470, 550, 492, 810, 490, 550, 460, 420]
zhuanqiao
[45596, 37133, 33654, 33419, 37665, 38334, 48147, 36990, 51019, 39510, 32642, 41055, 37489, 50511, 35558, 35463, 30427, 57320, 54825, 51087, 49873, 53562, 34412, 51265, 36022, 38975, 36743, 48551, 39185, 35176, 51087, 49873, 41055, 36743, 36022, 36990, 51019, 39185, 37665, 38975, 32642, 35176, 48551, 57149, 48147, 50800, 35463, 50511, 37489, 35558, 33419, 30427, 57320, 34412, 53562, 38984, 39510, 38334, 37133, 38172, 50277, 34946, 36632, 31817, 39020, 47274, 55385, 37007, 36214, 51909, 59006, 49141, 49339, 33844, 33010, 51088, 51801, 39333, 45256, 52720, 34189, 34338, 32148, 40521, 37347, 56738, 31209, 40021, 49652, 38393, 39020, 31817, 38393, 36454, 50978, 31209, 51088, 49355, 36361, 32287, 34568, 48598, 48533, 36215, 26521, 47274, 46323, 55385, 51638, 51631, 32586, 37077, 49209, 33033, 34490, 45251, 43785, 35060, 48778, 44363]
[1280, 360, 315, 248, 320, 460, 265, 230, 436, 245, 335, 495, 255, 495, 299, 216, 322, 296, 625, 470, 490, 500, 350, 590, 243, 330, 300, 335, 390, 350, 470, 490, 495, 300, 243, 230, 436, 390, 320, 330, 335, 350, 335, 295, 265, 635, 216, 495, 255, 299, 248, 322, 296, 350, 500, 460, 245, 460, 360, 182, 910, 680, 355, 483, 215, 580, 288, 268, 360, 476, 1700, 460, 500, 385, 340, 310, 400, 370, 620, 315, 220, 220, 318, 355, 255, 800, 308, 465, 1319, 430, 215, 483, 430, 368, 360, 308, 310, 459, 235, 182, 310, 265, 430, 305, 410, 580, 398, 288, 399, 483, 305, 315, 255, 326, 338, 505, 385, 346, 439, 408]
jinping road
[40016, 42133, 32739, 42365, 41426, 29810, 51444, 37635, 37120, 46995, 47195, 42767, 46936, 41864, 45000, 39949, 40364, 40294, 36471, 40689, 40101, 38533, 33046, 31238, 43214, 36151, 45003, 46024, 43963, 42991, 34154, 37673, 50868, 38936, 34388, 32402, 28765, 38991, 40581, 32901, 33696, 31240, 34897, 47195, 51444, 40016, 37635, 40488, 40874, 33327, 39279, 36542, 41864, 45000, 46024, 46936, 32463, 42049, 39583, 31497, 33546, 40231, 38846, 40218, 42904, 39949, 40364, 42929, 46936, 32463, 39583, 42049, 36542, 39279, 52106, 34479, 41602, 29810, 34011, 28450, 42365, 32739, 41426, 41477, 42991, 33624, 33789, 37673, 48778, 48952, 43963, 33046, 42991, 43214, 37725, 35288, 36967, 36859, 37520, 41090, 43664, 33470, 52690, 31440, 28870, 33465, 36019, 47655, 32046, 38828, 38045, 38991, 28765, 40581, 33696, 32901, 32402, 31240, 34897, 31334]
[520, 260, 110, 635, 365, 163, 253, 315, 285, 290, 625, 295, 435, 195, 450, 250, 360, 335, 155, 260, 255, 480, 295, 240, 390, 435, 710, 585, 280, 368, 525, 235, 880, 275, 175, 182, 298, 428, 495, 185, 338, 480, 320, 625, 253, 520, 315, 498, 275, 170, 270, 500, 195, 450, 585, 435, 118, 248, 220, 200, 190, 488, 556, 370, 399, 250, 360, 265, 435, 118, 220, 248, 500, 270, 850, 530, 265, 163, 129, 280, 635, 110, 365, 355, 368, 135, 198, 235, 415, 850, 280, 295, 368, 390, 315, 180, 215, 528, 265, 338, 380, 188, 950, 140, 152, 153, 330, 1150, 180, 490, 340, 428, 298, 495, 338, 185, 182, 480, 320, 176]
yindu road
[42262, 58303, 46230, 48637, 39781, 48906, 51328, 40398, 49650, 37622, 47353, 49387, 47878, 57871, 37110, 42435, 43155, 46500, 55766, 36221, 38889, 46453, 47509, 47488, 41871, 43589, 40199, 39219, 50104, 47368, 46979, 50810, 54525, 53712, 57541, 39927, 47177, 52792, 45831, 61610, 50112, 51709, 49894, 43688, 45008, 54919, 47904, 47115, 50559, 43589, 39026, 44512, 50104, 47368, 59937, 60302, 41769, 51445, 39219, 40199, 41789, 45014, 51366, 55830, 43224, 45975, 47228, 45014, 45008, 50559, 45037, 49084, 47509, 42504, 39230, 41553, 41798, 51578, 44393, 48231, 42226, 56101, 48863, 47686, 37141, 62465, 52096, 45772, 41370, 51834, 42226, 45037, 51366, 55830, 39230, 56101, 59598, 58945, 44389, 52366, 52685, 43401]
[355, 1480, 450, 660, 610, 670, 230, 610, 283, 720, 228, 660, 485, 550, 570, 290, 365, 465, 530, 830, 270, 220, 225, 430, 480, 310, 340, 279, 1020, 215, 660, 700, 720, 1050, 1850, 326, 320, 539, 399, 1280, 225, 557, 588, 445, 215, 565, 585, 640, 570, 310, 330, 500, 1020, 215, 890, 1200, 290, 940, 279, 340, 443, 255, 660, 555, 303, 410, 201, 255, 215, 570, 485, 688, 225, 330, 275, 440, 293, 685, 475, 263, 296, 555, 599, 204, 360, 1450, 660, 460, 290, 212, 296, 485, 660, 555, 275, 555, 1200, 1200, 390, 528, 520, 340]
beiqiao
[35331, 37085, 38683, 31715, 28959, 36521, 33339, 34303, 37493, 36750, 31984, 32576, 32575, 26480, 24967, 41305, 32706, 42432, 35099, 32100, 38816, 44898, 33887, 30240, 36804, 29503, 30604, 33121, 35883, 30298, 31314, 38772, 32025, 35060, 33058, 35578, 39270, 43479, 31715, 32144, 29111, 31581, 39309, 29688, 30486, 31591, 30490, 31854, 31314, 32392, 57269, 31888, 31961, 39566, 33283, 33226, 36727, 32972, 30732, 32706, 49257, 36727, 30732, 32706, 32972, 33368]
[450, 145, 155, 258, 278, 207, 216, 190, 235, 208, 278, 265, 468, 315, 297, 190, 205, 245, 220, 255, 215, 440, 245, 246, 420, 240, 370, 275, 305, 182, 260, 178, 190, 518, 240, 223, 185, 200, 258, 190, 165, 179, 182, 190, 248, 200, 223, 300, 260, 298, 1300, 225, 260, 182, 305, 195, 315, 240, 250, 205, 1100, 315, 250, 205, 240, 425]
jianchuan road
[36857, 36914, 45000, 36804, 40498, 36868, 34195, 38467, 36207, 34329, 41866, 37821, 43512, 39101, 35465, 46952, 43210, 35247, 38077, 35883, 39382, 39421, 35823, 36144, 35601, 38691, 39476, 38357, 39591, 37856, 45000, 36804, 33297, 38920, 35601, 38691, 36476, 40498, 41048, 34957, 36207, 40994, 32582, 38357, 39591, 37856, 39710, 39476, 40529, 37890, 35377, 40000, 35601, 41759, 35277, 36292, 38838, 36878, 37718, 43581, 40591, 41105, 33951, 37816, 37800, 39347, 39268, 36929, 32546, 38838, 40179, 34260, 36878, 34128, 41329, 41732]
[279, 465, 346, 339, 420, 459, 315, 315, 239, 230, 378, 295, 570, 480, 279, 385, 350, 320, 380, 565, 405, 490, 330, 355, 235, 280, 355, 280, 290, 310, 346, 339, 458, 350, 235, 280, 445, 420, 315, 275, 239, 330, 550, 280, 290, 310, 290, 355, 408, 349, 329, 259, 235, 380, 236, 285, 358, 495, 265, 535, 294, 390, 550, 349, 290, 330, 285, 290, 179, 358, 530, 370, 495, 268, 530, 350]
minhang kaifaqu
[37944, 34560, 35671, 29527, 31903, 28233, 31001, 32963, 30421, 29570, 36686, 28669, 33521, 28645, 28075, 26446, 25868, 37411, 34697, 28984, 33319, 31231, 30977, 27123, 30200, 29091, 27525, 25051, 26513, 33546, 30084, 29570, 29481, 29206, 28278, 27525, 25902, 29091, 28817, 28075, 25150, 32963, 34903, 36686, 25051, 31468, 30200, 27326, 29564, 28049, 26446, 25868, 27525, 26483, 27899, 24101, 26319, 28424, 25990, 28233, 24630, 31001, 28233, 27153, 26517, 26319, 25137, 27188, 29362, 24756]
[355, 250, 320, 205, 220, 145, 140, 178, 275, 215, 170, 152, 400, 180, 205, 155, 170, 230, 218, 175, 153, 350, 280, 200, 177, 160, 160, 300, 163, 195, 112, 215, 139, 150, 195, 160, 158, 160, 148, 205, 135, 178, 129, 170, 300, 190, 177, 168, 160, 115, 155, 170, 205, 330, 122, 235, 240, 99, 86, 145, 98, 140, 145, 105, 108, 240, 120, 87, 155, 180]
huaning road
[35344, 31850, 33055, 29000, 29851, 28849, 32418, 36454, 35994, 29261, 33619, 30191, 29629, 31621, 30365, 33046, 34815, 28879, 32197, 27835, 33108, 31089, 31368, 31311, 28936, 30982, 30615, 29813, 29886, 28356, 34316, 30476, 33619, 28879, 31355, 29796, 29726, 30296, 35994, 31427, 34154, 32064, 31650, 23165, 33576, 32204, 31316, 31727, 29999, 28363, 28905, 30049, 29572, 33041, 29207, 32794, 29261, 31621, 32464, 34479, 35344, 31850, 30191, 28804, 29269, 28450, 27223, 27828, 22512, 32693, 30956, 30446, 31036, 30365, 33046, 32197, 31279, 34479, 28312, 29261, 31427, 31089, 30615, 31311, 30982, 29813, 29886, 28356, 30026, 26496, 25013, 30069, 31809, 28525, 29813, 30888, 28765, 32389, 30926, 33696, 32058, 34897, 31089, 28936, 31311, 30615, 26496, 29402, 29808, 32618, 34211, 32878, 34646, 30702, 30770, 28757, 29685, 28219, 30755, 30865]
[320, 368, 145, 318, 116, 460, 215, 115, 290, 310, 431, 245, 160, 165, 295, 188, 180, 153, 500, 230, 330, 368, 145, 400, 180, 262, 162, 128, 150, 375, 470, 310, 180, 168, 128, 128, 128, 115, 150, 525, 260, 230, 100, 213, 248, 285, 395, 275, 155, 295, 268, 348, 188, 180, 168, 290, 160, 250, 530, 320, 431, 170, 265, 280, 290, 155, 90, 170, 243, 168, 290, 165, 295, 153, 310, 530, 143, 290, 150, 330, 262, 145, 180, 162, 128, 150, 151, 310, 100, 225, 169, 155, 162, 298, 225, 238, 338, 186, 320, 330, 400, 145, 262, 310, 245, 350, 155, 195, 185, 330, 280, 340, 155, 160, 315, 163, 125]
