yindu road
[42262, 58303, 46230, 48637, 39781, 48906, 51328, 40398, 49650, 37622, 47353, 49387, 47878, 57871, 37110, 42435, 43155, 46500, 55766, 36221, 38889, 46453, 47509, 47488, 41871, 40199, 50104, 47368, 44512, 54525, 59937, 60302, 44512, 51445, 41769, 40199, 54525, 46979, 43688, 52792, 61610, 50112, 47177, 53712, 45109, 47904, 47115, 45008, 38220, 38021, 57541, 46080, 50810, 50559, 45014, 51834, 41553, 41798, 47509, 47228, 45037, 49084, 47509, 41553, 41798, 44393, 45772, 51834, 59598, 58945, 52366, 47077, 53141, 57610, 52096, 48863, 62465, 48231, 43043, 51578, 41789, 37141, 39230, 45831, 46896, 43589, 47686, 49894, 52179, 39219, 44389, 56101, 41370, 42226, 55830, 54919, 51709, 48799, 48813, 39927, 42504, 43401]
[355, 1480, 450, 660, 610, 670, 230, 610, 283, 720, 228, 660, 485, 550, 570, 290, 365, 465, 530, 830, 270, 220, 225, 430, 480, 340, 1020, 215, 500, 720, 890, 1200, 500, 940, 290, 340, 720, 660, 445, 539, 1280, 225, 320, 1050, 255, 585, 640, 215, 279, 305, 1850, 275, 700, 570, 255, 212, 440, 293, 225, 201, 485, 688, 225, 440, 293, 475, 460, 212, 1200, 1200, 528, 459, 1100, 1150, 660, 599, 1450, 263, 335, 685, 443, 360, 275, 399, 355, 310, 204, 588, 515, 279, 390, 555, 290, 296, 555, 565, 557, 475, 489, 326, 330, 340]
beiqiao
[35883, 37493, 30298, 31314, 31715, 38816, 35099, 37085, 38683, 31984, 33339, 42432, 32706, 32100, 32576, 28959, 38772, 36521, 35578, 35060, 44898, 33058, 33887, 41305, 39270, 30490, 31591, 30240, 32575, 36804, 29503, 30604, 26480, 24967, 31715, 31314, 31854, 31888, 31961, 32392, 39309, 57269, 36727, 39566, 33283, 38978, 31533, 28482, 36532, 32972, 30732, 32706, 49257, 29111, 29688, 32144, 31581, 30117, 32025, 33121, 29688, 30117, 33368, 34303, 35331, 33226, 36750]
[305, 235, 182, 260, 258, 215, 220, 145, 155, 278, 216, 245, 205, 255, 265, 278, 178, 207, 223, 518, 440, 240, 245, 190, 185, 223, 200, 246, 468, 420, 240, 370, 315, 297, 258, 260, 300, 225, 260, 298, 182, 1300, 315, 182, 305, 180, 230, 180, 308, 240, 250, 205, 1100, 165, 190, 190, 179, 245, 190, 275, 190, 245, 425, 190, 450, 195, 208]
huaning road
[29886, 31471, 29000, 28849, 36454, 24513, 30446, 44722, 30956, 29629, 30381, 40942, 35344, 27828, 31850, 31165, 32418, 33055, 29851, 32289, 33720, 31111, 27211, 30829, 30250, 34815, 29310, 34316, 30476, 33619, 28450, 24513, 29629, 30381, 40942, 44722, 31279, 32197, 29796, 30296, 31621, 34479, 32064, 34154, 28936, 27223, 27828, 31471, 29269, 30191, 31850, 30446, 30956, 31727, 23165, 32204, 28905, 29999, 30476, 34316, 29269, 28450, 27223, 27828, 22512, 32693, 30956, 30446, 30365, 33046, 32197, 31279, 34479, 29261, 31427, 31089, 30982, 29813, 29886, 28356, 30026, 26496, 29402, 28587, 37776, 31505, 29808, 34211, 30755, 30865, 28525, 29813, 30755, 29402, 34211, 29808, 31505, 37776, 25013, 30069, 30982, 32878, 29685, 30702, 30770, 26473, 33108, 29886, 30982, 31169, 29336, 29582, 32192, 27783, 36019, 30985, 30260, 34251, 30010, 31997]
[128, 245, 145, 116, 215, 98, 168, 555, 243, 245, 286, 400, 320, 155, 240, 460, 368, 318, 173, 300, 425, 108, 265, 240, 188, 530, 375, 470, 310, 280, 98, 245, 286, 400, 555, 310, 153, 128, 128, 160, 530, 260, 525, 400, 290, 155, 245, 265, 431, 168, 243, 395, 100, 248, 295, 275, 470, 375, 265, 280, 290, 155, 90, 170, 243, 168, 165, 295, 153, 310, 530, 290, 150, 330, 180, 162, 128, 150, 151, 310, 245, 165, 290, 240, 350, 195, 163, 125, 155, 162, 163, 245, 195, 350, 240, 290, 100, 225, 180, 185, 160, 280, 340, 165, 230, 128, 180, 240, 135, 138, 155, 155, 330, 285, 106, 320, 300, 320]
zhuanqiao
[45596, 37133, 33654, 33419, 37665, 38334, 48147, 36990, 51019, 39510, 41055, 37489, 50511, 35558, 35463, 30427, 57320, 51087, 53562, 34412, 51265, 36022, 38975, 36743, 48551, 39185, 35176, 52302, 33051, 51662, 51796, 51873, 49441, 38975, 36361, 45000, 44372, 34634, 43742, 38172, 32204, 52245, 38984, 29489, 30427, 57320, 53562, 34412, 38534, 39510, 35558, 51265, 37489, 50511, 51087, 48147, 33419, 38334, 34189, 57149, 38334, 51662, 41055, 39185, 48551, 36743, 52483, 33051, 33654, 43742, 33840, 33844, 33010, 36145, 45256, 56738, 40521, 34568, 47274, 46323, 26651, 49437, 39481, 48533, 48598, 36215, 26521, 55385, 31817, 36214, 37007, 39020, 45567, 31209, 43966, 54420, 38393, 51433, 38393, 50978, 48421, 45251, 49662, 45712, 49652, 55295, 55359, 36605, 31068, 41592, 32446, 51638, 51631, 57296, 56145, 53722, 38971, 37635, 38842, 38930]
[1280, 360, 315, 248, 320, 460, 265, 230, 436, 245, 495, 255, 495, 299, 216, 322, 296, 470, 500, 350, 590, 243, 330, 300, 335, 390, 350, 2500, 390, 415, 460, 475, 455, 330, 235, 495, 525, 308, 260, 182, 530, 270, 460, 450, 322, 296, 500, 350, 248, 245, 299, 590, 255, 495, 470, 265, 248, 460, 320, 295, 460, 415, 495, 390, 335, 300, 760, 390, 315, 260, 450, 385, 340, 345, 620, 800, 355, 310, 580, 398, 430, 439, 450, 430, 265, 305, 410, 288, 483, 360, 268, 215, 425, 308, 510, 282, 535, 650, 430, 360, 1200, 505, 455, 445, 1319, 282, 625, 433, 420, 370, 330, 399, 483, 1050, 498, 415, 265, 350, 330, 429]
wenjing road
[27525, 27326, 28546, 25868, 28049, 34560, 26513, 27123, 30421, 37411, 29506, 29570, 28669, 27525, 26483, 28424, 24630, 24756, 29362, 26838]
[205, 168, 155, 170, 115, 250, 163, 200, 275, 230, 175, 215, 152, 160, 330, 99, 98, 180, 155, 165]
dongchuan road
[44420, 41323, 39383, 40803, 38143, 39974, 48606, 40454, 36257, 38415, 38955, 45307, 39476, 40257, 40488, 50000, 40874, 38137, 46995, 37272, 32449, 51444, 40152, 39022, 36147, 35883, 41805, 37552, 45000, 40364, 41323, 39383, 40803, 38415, 36257, 48606, 39974, 39382, 42000, 40488, 40941, 37803, 41021, 36863, 41805, 35883, 39949, 37643, 50000, 36769, 32449, 43031, 38216, 37272, 32749, 40874, 38137, 39765, 38265, 39279, 40101, 45003, 38265, 36769, 38216, 43512, 41426, 39382, 42000, 40294, 38134, 37673, 39414, 40881, 38410, 40639, 40931, 39289, 27836, 47655, 32582, 34912, 41993, 40073, 33951, 40679, 38323, 38763, 38763, 39342, 40679, 40179, 38221, 33951, 38763, 40964, 34260, 42049, 39949, 37091, 40591, 36821, 41976, 40463, 38401, 40498, 39189, 42064, 38948, 36985, 37314, 41359, 41136, 41674, 43275, 42449, 38526, 42800, 40498, 48282]
[560, 255, 260, 240, 230, 356, 1220, 375, 215, 440, 243, 250, 355, 320, 498, 820, 275, 420, 290, 590, 330, 253, 530, 630, 245, 565, 380, 235, 450, 360, 255, 260, 240, 440, 215, 1220, 356, 405, 200, 498, 385, 490, 460, 329, 380, 565, 250, 260, 820, 325, 330, 380, 370, 590, 560, 275, 420, 385, 187, 270, 255, 710, 187, 325, 370, 570, 365, 405, 200, 335, 250, 235, 360, 275, 255, 420, 190, 490, 270, 1150, 550, 250, 370, 530, 550, 175, 212, 228, 228, 258, 175, 530, 475, 550, 228, 245, 370, 248, 250, 204, 294, 220, 560, 238, 315, 420, 670, 265, 262, 210, 225, 263, 239, 265, 240, 215, 230, 535, 420, 798]
jinping road
[40016, 42133, 32739, 42365, 41426, 29810, 51444, 37635, 37120, 46995, 47195, 42767, 41864, 45000, 40364, 40294, 36471, 40689, 40101, 38533, 33046, 31238, 43214, 36151, 45003, 46024, 43963, 42991, 38936, 50868, 32559, 44354, 32847, 41805, 45000, 40364, 41864, 31497, 41940, 30296, 39279, 36542, 48952, 40016, 37120, 42767, 40702, 37635, 40942, 32749, 38846, 33546, 40231, 33295, 41477, 43031, 42133, 43532, 33721, 37725, 32463, 39583, 36542, 39279, 52106, 34479, 41602, 29810, 34011, 28450, 42365, 32739, 41426, 41477, 42991, 33624, 33789, 37673, 48952, 38533, 33046, 31238, 39276, 39949, 43963, 43214, 37725, 38268, 42245, 38936, 30829, 40874, 38137, 31111, 36151, 33409, 30250, 39765, 33721, 39450, 33327, 37803, 41021, 30987, 33992, 39732, 44420, 34388, 38955, 31076, 41515, 39383, 41323, 40803, 28356, 40436, 36967, 33541, 37251, 36859]
[520, 260, 110, 635, 365, 163, 253, 315, 285, 290, 625, 295, 195, 450, 360, 335, 155, 260, 255, 480, 295, 240, 390, 435, 710, 585, 280, 368, 275, 880, 140, 540, 144, 380, 450, 360, 195, 200, 590, 128, 270, 500, 850, 520, 285, 295, 580, 315, 400, 560, 556, 190, 488, 170, 355, 380, 260, 530, 145, 315, 118, 220, 500, 270, 850, 530, 265, 163, 129, 280, 635, 110, 365, 355, 368, 135, 198, 235, 850, 480, 295, 240, 245, 250, 280, 390, 315, 1060, 335, 275, 265, 275, 420, 425, 435, 298, 240, 385, 145, 430, 170, 490, 460, 180, 545, 560, 175, 243, 173, 330, 260, 255, 240, 150, 435, 215, 205, 485, 528]
jianchuan road
[36476, 38920, 40706, 33297, 41048, 35601, 38691, 36857, 36914, 35823, 39421, 39382, 36144, 37821, 37221, 43512, 46952, 43210, 35247, 35465, 34329, 39101, 35883, 38467, 36207, 36868, 38077, 41866, 45000, 36804, 38691, 36476, 41048, 34957, 36207, 32582, 38357, 39591, 39710, 39476, 40529, 37890, 35377, 40000, 35277, 36292, 36878, 43581, 37800, 32546, 33951, 39347, 40073, 37856, 41105, 34195, 42261, 42436, 41329, 40591, 34128, 35601, 42261, 42436, 37856, 36929, 41136, 40498, 37816, 38838, 41759, 40994, 40498, 40186, 37718, 34195, 41105]
[445, 350, 508, 458, 315, 235, 280, 279, 465, 330, 490, 405, 355, 295, 293, 570, 385, 350, 320, 279, 230, 480, 565, 315, 239, 459, 380, 378, 346, 339, 280, 445, 315, 275, 239, 550, 280, 290, 290, 355, 408, 349, 329, 259, 236, 285, 495, 535, 290, 179, 550, 330, 530, 310, 390, 315, 335, 308, 530, 294, 268, 235, 335, 308, 310, 290, 239, 420, 349, 358, 380, 330, 420, 260, 265, 315, 390]
minhang kaifaqu
[37944, 34560, 26513, 34697, 33546, 28216, 30977, 33319, 31231, 28645, 33521, 28984, 30675, 28546, 27326, 29564, 25150, 25868, 27525, 26446, 29570, 29206, 25902, 32963, 28278, 30200, 29091, 28817, 31245, 32233, 36999, 30421, 29506, 28637, 27525, 29527, 35671, 31903, 25051, 27123, 37411, 25051, 31468, 34903, 29481, 36686, 28669, 28049, 28049, 26337, 24101, 28233, 25990, 25137, 24630, 27153, 32030, 26483, 31001, 26517, 26319, 28424, 30462, 26517, 27899, 27188, 24756, 29362, 26838, 28075]
[355, 250, 163, 218, 195, 170, 280, 153, 350, 180, 400, 175, 160, 155, 168, 160, 135, 170, 205, 155, 215, 150, 158, 178, 195, 177, 160, 148, 390, 120, 142, 275, 175, 163, 160, 205, 320, 220, 300, 200, 230, 300, 190, 129, 139, 170, 152, 115, 115, 201, 235, 145, 86, 120, 98, 105, 185, 330, 140, 108, 240, 99, 99, 108, 122, 87, 180, 155, 165, 205]
xinzhuang
[48565, 52120, 51786, 47847, 55837, 37008, 63518, 60798, 64276, 63682, 49936, 40805, 76644, 70273, 72430, 45150, 47116, 38760, 54622, 43397, 47137, 48747, 46347, 43557, 44733, 45589, 47617, 48271, 58276, 59457, 69487, 62168, 62894, 52532, 45300, 55837, 64172, 40960, 48565, 51786, 47847, 52120, 56036, 52498, 56297, 59457, 59067, 55820, 72604, 50000, 47406, 48300, 60125, 69669, 61705, 54300, 49383, 67878, 46579, 60679, 48300, 85410, 55706, 45793, 65396, 43827, 64172, 44538, 45369, 72604, 49383, 50000, 56630, 47183, 61169, 45424, 50941, 47143, 44921, 52982, 50174, 72604, 59067, 55820, 69669, 60125, 61705, 48836, 72863, 60814, 60202, 70472, 55371, 53482, 60000, 57570, 54622, 43397, 38760, 76644, 51039, 62764, 49580, 51746, 72961, 51976, 71521, 66013, 58390, 56479, 57304, 51351, 63000, 36478, 45575, 60903, 53334, 46739, 63463, 52112]
[335, 300, 770, 580, 950, 640, 355, 578, 362, 650, 581, 710, 695, 1250, 403, 370, 325, 620, 650, 690, 279, 990, 680, 650, 380, 510, 758, 540, 375, 900, 795, 760, 610, 415, 530, 950, 595, 514, 335, 770, 580, 300, 740, 370, 760, 900, 800, 610, 490, 345, 750, 588, 636, 970, 640, 1150, 480, 856, 388, 608, 588, 425, 620, 400, 655, 350, 595, 700, 720, 490, 480, 345, 750, 850, 580, 535, 620, 660, 650, 645, 435, 490, 800, 610, 970, 636, 640, 390, 490, 800, 730, 920, 598, 550, 740, 578, 650, 690, 620, 695, 580, 565, 590, 630, 990, 450, 947, 800, 760, 500, 570, 308, 630, 580, 1050, 810, 240, 685, 585, 248]
chunshen road
[46230, 55820, 55837, 72604, 69669, 62084, 60679, 52012, 63463, 60202, 42996, 76308, 64407, 46739, 38458, 55388, 64172, 36058, 67988, 52381, 69487, 53309, 41746, 68356, 55245, 65790, 75000, 44966, 50941, 50820, 85410, 44009, 55706, 65396, 64172, 72604, 50941, 52982, 45149, 72604, 55820, 69669, 72863, 60202, 42996, 57570, 54622, 43397, 38760, 76644, 44946, 49580, 47115, 47904, 60113, 71521, 66013, 35030, 55402, 53544, 60801, 63000, 46739, 49405, 63463, 51891, 64407, 76308, 39238, 61227, 45150, 70273, 47368, 72430, 69570, 52665, 59028, 69520, 60192, 68202, 43195, 64017, 44563, 62312, 65573, 57947, 43233, 50076, 46599, 48253, 62312, 49405, 51891, 63463, 77976, 66989, 61227, 48670, 42106, 55208, 63552, 60113, 49262, 65413, 65677, 71521, 52632, 53777, 55402, 53544, 35030, 48863, 70930, 57013, 58426, 75068, 65091, 52717, 47077, 50076]
[450, 610, 950, 490, 970, 335, 608, 455, 585, 730, 329, 515, 760, 685, 332, 770, 595, 600, 470, 550, 795, 228, 550, 680, 750, 750, 750, 418, 620, 310, 425, 397, 620, 655, 595, 490, 620, 645, 362, 490, 610, 970, 490, 730, 329, 578, 650, 690, 620, 695, 466, 590, 640, 585, 1300, 947, 800, 305, 280, 680, 870, 630, 685, 610, 585, 660, 760, 515, 595, 998, 370, 1250, 215, 403, 770, 425, 850, 710, 699, 770, 370, 868, 386, 620, 735, 793, 390, 299, 998, 700, 620, 610, 660, 585, 490, 430, 998, 300, 400, 238, 835, 1300, 280, 758, 800, 947, 230, 230, 280, 680, 305, 599, 477, 600, 785, 750, 600, 425, 459, 299]
