zhuanqiao
[49339, 68833, 49355, 45596, 39185, 43222, 52245, 51265, 53722, 35000, 53447, 51801, 59006, 43406, 49652, 48421, 29489, 49873, 35060, 40324, 57320, 56145, 54825, 50241, 49141, 51539, 51088, 33033, 43966, 51909, 43785, 54609, 48233, 36454, 54420, 34591, 37133, 32642, 51911, 35118, 37988, 44363, 34946, 36361, 41055, 53562, 55359, 36605, 50279, 39481, 38334, 33844, 36145, 24634, 32148, 46323, 34634, 51796, 51337, 33654, 30143, 31817, 40941, 37988, 55359, 36605, 44363, 35176, 45251, 52483, 49441, 57296, 47984, 41592, 32586, 33654, 34634, 34189, 48551, 52720, 45000, 33051, 47969, 38842, 49209, 46323, 51796, 51337, 36214, 34412, 34412, 26651, 35785, 38534, 47981, 33664, 57149, 38393, 51037, 48778, 51638, 36098, 31209, 34568, 38320, 37097, 53485, 34164, 43619, 36364, 36215, 41592, 48551, 49209, 34634, 34189, 33654, 32586, 46323, 45000]
[500, 1500, 459, 1280, 390, 505, 270, 590, 415, 343, 276, 400, 1700, 258, 1319, 1200, 450, 490, 346, 339, 296, 498, 625, 470, 460, 710, 310, 326, 510, 476, 385, 282, 873, 368, 282, 355, 360, 335, 417, 225, 1450, 408, 680, 235, 495, 500, 625, 433, 560, 450, 460, 385, 345, 430, 318, 398, 308, 460, 480, 315, 319, 483, 540, 1450, 625, 433, 408, 350, 505, 760, 455, 1050, 1199, 370, 305, 315, 308, 320, 335, 315, 495, 390, 470, 330, 255, 398, 460, 480, 360, 350, 350, 430, 365, 248, 892, 275, 295, 430, 645, 439, 399, 249, 308, 310, 260, 345, 475, 340, 360, 305, 370, 335, 255, 308, 320, 315, 305, 398, 495]
huaning road
[31405, 25013, 30574, 28757, 29261, 34479, 29886, 34815, 28450, 31727, 30014, 32830, 31471, 30702, 34154, 29726, 27828, 31279, 31599, 31621, 29310, 33576, 29629, 28765, 29851, 31165, 40942, 27223, 37776, 30296, 34154, 33576, 29310, 27828, 30574, 34479, 28757, 25013, 28450, 29886, 31471, 32830, 33647, 33619, 30956, 28804, 29261, 31727, 30014, 31405, 30702, 34815, 28936, 30010, 30926, 31773, 30476, 28879, 32464, 29886, 32058, 28913, 32289, 29685, 27783, 34425, 29328, 29808, 30985, 29637, 31036, 31997, 30330, 30026, 32618, 32693, 34316, 31169, 22512, 29207, 26875, 28905, 30260, 30602, 30529, 32064, 28312, 30011, 29133, 30176, 34316, 31036, 27783, 34425, 28905, 29724, 32197, 30854, 31850, 28219, 33046, 32016, 33329, 30261, 30381, 30521, 23762, 32864, 30365, 34251, 34436, 26722, 30755, 28018, 28363, 34897, 30210, 30049, 30615, 28645]
[280, 100, 175, 155, 290, 530, 128, 188, 280, 395, 258, 115, 245, 280, 525, 128, 155, 310, 255, 160, 530, 213, 245, 298, 318, 240, 400, 290, 290, 128, 525, 213, 530, 155, 175, 530, 155, 100, 280, 128, 245, 115, 340, 310, 243, 170, 290, 395, 258, 280, 280, 188, 400, 300, 238, 135, 470, 180, 250, 128, 186, 308, 173, 160, 155, 245, 175, 350, 285, 225, 290, 320, 175, 151, 155, 170, 375, 240, 90, 180, 300, 295, 106, 255, 205, 260, 143, 165, 218, 165, 375, 290, 155, 245, 295, 230, 153, 185, 315, 295, 285, 240, 130, 286, 153, 95, 105, 165, 320, 328, 480, 163, 162, 155, 320, 312, 268, 262, 223]
wenjing road
[29570, 30304, 28983, 24630, 27123, 26838, 29315, 29506, 25921, 27525, 37411, 34560, 28669, 28424, 28546, 28859, 25868, 28049, 26513, 27525, 27326]
[215, 125, 153, 98, 200, 165, 265, 175, 323, 160, 230, 250, 152, 99, 155, 115, 170, 115, 163, 205, 168]
dongchuan road
[51444, 40639, 36769, 46995, 40488, 42064, 48606, 40073, 47655, 36684, 40294, 32449, 40506, 27836, 39276, 45003, 39022, 41805, 34912, 38401, 36863, 40152, 40874, 32749, 41021, 41864, 40781, 43031, 32717, 38137, 40498, 38415, 39476, 31366, 41540, 40179, 36914, 39383, 39630, 38920, 36821, 35142, 50000, 48282, 43275, 40931, 32582, 40101, 35760, 37552, 39765, 41831, 41136, 31466, 41993, 42133, 39150, 42000, 41561, 41532, 38795, 40101, 41136, 41993, 42133, 38323, 40679, 37552, 40931, 31466, 39765, 35760, 41831, 40689, 44780, 42000, 40454, 41561, 40463, 36151, 39189, 40881, 39382, 38265, 39414, 38143, 38216, 40118, 37520, 40999, 38216, 39289, 39953, 40999, 40118, 39414, 43215, 38763, 31220, 42800, 38221, 40388, 41976, 42245, 37091, 38884, 38988, 44780, 33930, 40849, 38134, 40591, 38410, 35852, 40655, 34579, 40964, 37272, 37314, 38948]
[253, 420, 325, 290, 498, 265, 1220, 530, 1150, 300, 335, 330, 285, 270, 245, 710, 630, 380, 250, 315, 329, 530, 275, 560, 460, 195, 255, 380, 530, 420, 420, 440, 355, 788, 245, 530, 465, 260, 248, 350, 220, 230, 820, 798, 240, 190, 550, 255, 252, 235, 385, 266, 239, 320, 370, 260, 245, 200, 490, 435, 242, 255, 239, 370, 260, 212, 175, 235, 190, 320, 385, 252, 266, 260, 365, 200, 375, 490, 238, 435, 670, 275, 405, 187, 360, 230, 370, 520, 265, 253, 370, 490, 235, 253, 520, 360, 520, 228, 780, 535, 475, 530, 560, 335, 204, 255, 268, 365, 205, 260, 250, 294, 255, 243, 348, 410, 245, 590, 225, 262]
xinzhuang
[69520, 59457, 52498, 48234, 55484, 61705, 37008, 40805, 49383, 64017, 38617, 44538, 55581, 49723, 46347, 55931, 52982, 58313, 52381, 67988, 69570, 64837, 46739, 68215, 55385, 54300, 58276, 45793, 61360, 64362, 48224, 72961, 48992, 50441, 50571, 63648, 47296, 60320, 47143, 43152, 55294, 45369, 50678, 47406, 44261, 46957, 57013, 72545, 56538, 63747, 72449, 62863, 54107, 50941, 71283, 72779, 48565, 44225, 41564, 48565, 52112, 52396, 45424, 63306, 49967, 56788, 48422, 51993, 55995, 47347, 61331, 50736, 63375, 67878, 52120, 50174, 60679, 44906, 58446, 78033, 97793, 56297, 37736, 50467, 71521, 63317, 52980, 52918, 62312, 38760, 62312, 44733, 47166, 42981, 62614, 59824, 60000, 65255, 47183, 70054, 51746, 44915, 46332, 48153, 52627, 51444, 49300, 45575, 44915, 43331, 52183, 43365, 53509, 64290, 54107, 62863, 66939, 54622, 68346, 64172]
[710, 900, 370, 385, 680, 640, 640, 710, 480, 868, 614, 700, 730, 358, 680, 730, 645, 759, 550, 470, 770, 770, 685, 890, 1080, 1150, 375, 400, 750, 780, 650, 990, 770, 750, 510, 690, 890, 600, 660, 580, 550, 720, 520, 750, 640, 385, 600, 650, 595, 745, 710, 920, 560, 620, 695, 728, 335, 330, 368, 335, 248, 280, 535, 285, 295, 768, 270, 321, 305, 232, 580, 345, 598, 856, 300, 435, 608, 368, 600, 525, 660, 760, 600, 330, 947, 630, 313, 370, 620, 620, 620, 380, 490, 680, 760, 690, 740, 770, 850, 870, 630, 590, 370, 460, 540, 360, 285, 1050, 590, 625, 300, 480, 305, 770, 560, 920, 788, 650, 950, 595]
yindu road
[46500, 51328, 44393, 39781, 37141, 37622, 43224, 43155, 47353, 45772, 47077, 47177, 42435, 45014, 54525, 42262, 48813, 47721, 48637, 45975, 41553, 43688, 38889, 41789, 37110, 50559, 46230, 36221, 54919, 47509, 58303, 40199, 40398, 47509, 59598, 57278, 45543, 47509, 41216, 46080, 43401, 47488, 43043, 53818, 50104, 58945, 53712, 39927, 41798, 60302, 59937, 51445, 53141, 41769, 48231, 53332, 38220, 57871, 49650, 39026, 44484, 55766, 53332, 48799, 46979, 39230, 41681, 50104, 53712, 40398, 40199, 58303, 43401, 46080, 47488, 48228, 45037, 43589, 62465, 47509, 41216, 46896, 60302, 59937, 51445, 53141, 45367, 45831, 47878, 50810, 45831, 41871, 51129, 47878, 54103, 55686, 45008, 45014, 50672, 47904, 53225, 41370, 47115]
[465, 230, 475, 610, 360, 720, 303, 365, 228, 460, 459, 320, 290, 255, 720, 355, 489, 585, 660, 410, 440, 445, 270, 443, 570, 570, 450, 830, 565, 225, 1480, 340, 610, 225, 1200, 1190, 258, 225, 320, 275, 340, 430, 335, 535, 1020, 1200, 1050, 326, 293, 1200, 890, 940, 1100, 290, 263, 1050, 279, 550, 283, 330, 252, 530, 1050, 475, 660, 275, 250, 1020, 1050, 610, 340, 1480, 340, 275, 430, 676, 485, 310, 1450, 225, 320, 355, 1200, 890, 940, 1100, 257, 399, 485, 700, 399, 480, 648, 485, 1080, 549, 215, 255, 230, 585, 685, 290, 640]
jianchuan road
[39710, 36878, 36804, 37821, 36929, 36292, 33935, 35823, 36144, 32717, 37816, 36857, 41866, 36868, 41951, 40073, 39421, 35247, 39476, 36207, 40186, 36914, 34382, 35601, 35465, 46952, 45000, 41105, 38920, 38052, 40529, 41759, 38838, 43512, 35601, 36914, 46952, 45000, 41105, 35465, 39476, 38920, 35019, 34321, 34740, 41136, 36352, 38077, 37890, 39382, 41667, 34329, 40617, 40994, 34195, 39591, 37718, 38052, 32546, 42261, 37718, 34195, 41667, 34329, 38691, 40591, 37246, 32546, 39382, 43581, 41329, 33297, 38467, 39347, 38357, 43210, 44355, 40778, 36292, 42858, 41633]
[290, 495, 339, 295, 290, 285, 190, 330, 355, 530, 349, 279, 378, 459, 339, 530, 490, 320, 355, 239, 260, 465, 270, 235, 279, 385, 346, 390, 350, 468, 408, 380, 358, 570, 235, 465, 385, 346, 390, 279, 355, 350, 275, 270, 238, 239, 269, 380, 349, 405, 520, 230, 340, 330, 315, 290, 265, 468, 179, 335, 265, 315, 520, 230, 280, 294, 305, 179, 405, 535, 530, 458, 315, 330, 280, 350, 275, 342, 285, 249, 560]
chunshen road
[46500, 45149, 69520, 65845, 64017, 44009, 48670, 44946, 52982, 52381, 41746, 67988, 69570, 51891, 64837, 46739, 47077, 63552, 64362, 38458, 60801, 49405, 58426, 57013, 56538, 54107, 50941, 55402, 76644, 44906, 54448, 55706, 66989, 54960, 50820, 53777, 71521, 63317, 66047, 65023, 75000, 51100, 55820, 57947, 57570, 65790, 59866, 72604, 54622, 66939, 68346, 64172, 52717, 62614, 56929, 45033, 61893, 42996, 49580, 48300, 71711, 55402, 68346, 64172, 54107, 50941, 56538, 61893, 48253, 77976, 62301, 72863, 47368, 63873, 57032, 85410, 39219, 72951, 77205, 69487, 52255, 42139, 53253, 67988, 53772, 61619, 63000, 67210, 58892, 66299, 49115, 67789, 58426, 57013, 56538, 49718, 50941, 59028, 78464, 43195, 72604, 59866, 48253, 62301, 85410, 67043, 60113, 42106, 66463, 50076, 69487, 60000, 53099, 48799, 48791, 77205, 72951, 52255, 42139, 53253]
[465, 362, 710, 828, 868, 397, 300, 466, 645, 550, 550, 470, 770, 660, 770, 685, 459, 835, 780, 332, 870, 610, 785, 600, 595, 560, 620, 280, 695, 368, 606, 620, 430, 389, 310, 230, 947, 630, 1058, 638, 750, 532, 610, 793, 578, 750, 960, 490, 650, 788, 950, 595, 425, 760, 638, 660, 560, 329, 590, 588, 399, 280, 950, 595, 560, 620, 595, 560, 700, 490, 429, 490, 215, 410, 470, 425, 279, 469, 760, 795, 510, 365, 370, 470, 730, 568, 630, 578, 506, 612, 660, 1100, 785, 600, 595, 396, 620, 850, 388, 370, 490, 960, 700, 429, 425, 618, 1300, 400, 935, 299, 795, 588, 610, 475, 575, 760, 469, 510, 365, 370]
minhang kaifaqu
[31001, 28817, 28216, 29527, 34560, 30200, 31468, 28669, 28984, 30675, 33546, 29206, 33319, 31231, 30977, 31245, 35671, 25902, 36686, 34903, 37944, 28645, 28075, 37411, 31903, 33521, 36999, 32233, 25137, 29091, 28424, 30304, 34697, 27123, 28983, 29570, 25051, 32963, 28233, 27153, 28637, 25150, 25921, 30462, 29315, 27525, 29481, 26838, 24630, 26446, 29506, 28546, 25771, 25868, 28859, 26513, 29195, 28049, 27326, 28049, 26337, 30741, 25990, 27525, 24101, 25535, 32814, 25051, 27188, 24943, 30084]
[140, 148, 170, 205, 250, 177, 190, 152, 175, 160, 195, 150, 153, 350, 280, 390, 320, 158, 170, 129, 355, 180, 205, 230, 220, 400, 142, 120, 120, 160, 99, 125, 218, 200, 153, 215, 300, 178, 145, 105, 163, 135, 323, 99, 265, 160, 139, 165, 98, 155, 175, 155, 235, 170, 115, 163, 158, 115, 168, 115, 201, 166, 86, 205, 235, 104, 200, 300, 87, 185, 112]
beiqiao
[35331, 38683, 42432, 36804, 36532, 35060, 39566, 33121, 24967, 28959, 25639, 29503, 31854, 39309, 28482, 29688, 43479, 35883, 31975, 31984, 36727, 32519, 33334, 31314, 36521, 31591, 33887, 39270, 37085, 31715, 39270, 32706, 37085, 25219, 29688, 39309, 35883, 31975, 31984, 36727, 32519, 31314, 32025, 29111, 41305, 49257, 57269, 33339, 32972, 32100, 29806, 36750, 32144, 37493, 38816, 30298, 31533, 32706, 38772, 31581, 37493, 30117, 44898]
[450, 155, 245, 420, 308, 518, 182, 275, 297, 278, 305, 240, 300, 182, 180, 190, 200, 305, 189, 278, 315, 298, 290, 260, 207, 200, 245, 185, 145, 258, 185, 205, 145, 300, 190, 182, 305, 189, 278, 315, 298, 260, 190, 165, 190, 1100, 1300, 216, 240, 255, 218, 208, 190, 235, 215, 182, 230, 205, 178, 179, 235, 245, 440]
jinping road
[41805, 30296, 35288, 39450, 34011, 28765, 36471, 36542, 48341, 33789, 32749, 34154, 33465, 29810, 32559, 37120, 33327, 33624, 42767, 40942, 34479, 33546, 40294, 46437, 30014, 29112, 40506, 38137, 40857, 39674, 32847, 28450, 41021, 79896, 48778, 30476, 32463, 40702, 41864, 43031, 39276, 45056, 45003, 33295, 38401, 40874, 32739, 42064, 48606, 40639, 51444, 46995, 52106, 40488, 43470, 47655, 33863, 40231, 38544, 32046, 33992, 30987, 40231, 33863, 43982, 41540, 32046, 39383, 38544, 31036, 44354, 42904, 40101, 39765, 41831, 48952, 41993, 42133, 39150, 39732, 41940, 42000, 41561, 41602, 42060, 41492, 40257, 37725, 41359, 40364, 33046, 31238, 30800, 38045, 36151, 36967, 33608, 31497, 30755, 38846, 33470, 31440, 39583, 40881, 38990, 38991, 39953, 40999, 31076, 37635, 40229, 40436, 45455, 40118, 39414, 39289, 32287, 37520, 37251, 33721]
[380, 128, 180, 430, 129, 298, 155, 500, 590, 198, 560, 525, 153, 163, 185, 285, 170, 135, 295, 400, 530, 369, 335, 430, 258, 168, 285, 420, 370, 365, 144, 280, 460, 490, 415, 470, 118, 580, 195, 380, 245, 560, 710, 170, 315, 275, 110, 265, 1220, 420, 253, 290, 850, 498, 450, 1150, 190, 488, 415, 180, 180, 488, 190, 730, 245, 180, 260, 415, 290, 540, 399, 255, 385, 266, 850, 370, 260, 245, 545, 590, 200, 490, 265, 335, 256, 320, 315, 263, 360, 295, 240, 173, 340, 435, 215, 135, 200, 163, 556, 188, 140, 220, 275, 540, 428, 235, 253, 173, 490, 374, 435, 245, 520, 360, 490, 288, 265, 485, 145]
